[-2.07309419e+00  1.03464232e+03  2.67333305e+02  4.12335185e+03]
[-2.49138318e+00  1.21198537e+03  4.15452176e+02  4.30101208e+03]
[-3.16618709e+00  1.15924689e+03  2.39014628e+02  4.04115643e+03]
[-2.43208040e+00  1.12886575e+03  2.35006331e+02  4.00611893e+03]
[-3.13207050e+00  1.09157463e+03  2.35906803e+02  4.23351370e+03]
[-2.73080300e+00  1.11647541e+03  2.36421998e+02  4.19423214e+03]
[-2.43350572e+00  1.07129654e+03  3.53181587e+02  4.24727096e+03]
[-3.42488943e+00  1.03759102e+03  3.35242404e+02  3.82150030e+03]
[-1.77993142e+00  1.07388991e+03  2.58143991e+02  4.02277196e+03]
[-3.29950230e+00  1.12521208e+03  2.10042944e+02  4.00159775e+03]
[-3.25038841e+00  1.25157368e+03  1.11248387e+02  3.99777986e+03]
[-2.85433914e+00  9.84359743e+02  2.11492979e+02  3.82150009e+03]
[-2.34965280e+00  8.32690572e+02  3.57964583e+02  4.00958893e+03]
[-3.25696794e+00  1.08674515e+03  3.27504424e+02  3.97507235e+03]
[-2.73042329e+00  1.13156779e+03  2.33325055e+02  4.05493940e+03]
[-2.98754058e+00  1.03185407e+03  3.75344382e+02  4.04361276e+03]
[-2.79772212e+00  1.02244982e+03  2.80480899e+02  4.02230982e+03]
[-3.26951718e+00  1.01903735e+03  1.86833771e+02  3.91095561e+03]
[-2.70209813e+00  9.27014226e+02  1.55551972e+02  3.89320203e+03]
[-3.24863354e+00  1.03032941e+03  3.62482434e+02  4.02563946e+03]
[-3.24272440e+00  1.07811596e+03  3.00481002e+02  4.12871389e+03]
[-2.87741870e+00  1.13913284e+03  1.15687157e+02  4.15126221e+03]
[-1.95151734e+00  1.06208297e+03  2.50045707e+02  4.01518508e+03]
[-1.92180484e+00  1.08204180e+03  2.54294166e+02  4.16962971e+03]
[-2.86374497e+00  1.38289956e+03  1.70948201e+02  4.27172202e+03]
[-2.92026711e+00  1.17884010e+03  4.32345590e+02  4.25249854e+03]
[-1.98925479e+00  1.08016979e+03  2.46974074e+02  3.92110468e+03]
[-2.50368000e+00  1.11652520e+03  1.91211742e+02  3.85830174e+03]
[-2.08165825e+00  1.02648213e+03  1.71176939e+02  3.90118013e+03]
[-3.03972046e+00  1.14023475e+03  1.16408758e+02  4.26698781e+03]
[-3.49092555e+00  1.26534336e+03  2.58638416e+02  4.06393492e+03]
[-2.20121488e+00  1.04265108e+03  2.56579545e+02  4.00664576e+03]
[-2.16515244e+00  1.11268594e+03  2.38741900e+02  4.04988918e+03]
[-2.91669149e+00  1.11102225e+03  2.29911102e+02  3.99639151e+03]
[-2.91269318e+00  1.31443346e+03  6.20552252e+01  4.14781249e+03]
[-2.02998354e+00  1.08790105e+03  3.46569168e+02  4.12647356e+03]
[-3.43096916e+00  1.52174144e+03  3.45735900e+02  4.25745587e+03]
[-2.71585688e+00  1.10309493e+03  2.37949994e+02  4.03546227e+03]
[-3.11132694e+00  1.02011732e+03  1.86265044e+02  3.97751276e+03]
[-2.62989842e+00  1.06703584e+03  3.50777585e+02  4.25181960e+03]
[-2.12437943e+00  1.12374660e+03  2.33747417e+02  3.95563511e+03]
[-3.16362402e+00  9.01111721e+02  4.85784000e+02  3.89348095e+03]
[-2.92195646e+00  1.03205119e+03  6.10812803e+02  4.22467822e+03]
[-2.61745031e+00  1.03852780e+03  4.52038069e+02  4.23168291e+03]
[-3.31731209e+00  9.01632472e+02  4.82538101e+02  3.94570505e+03]
[-3.11111012e+00  1.05227355e+03  7.33842272e+02  4.53493248e+03]
[-3.03948835e+00  9.41215317e+02  5.20632831e+02  4.28358052e+03]
[-2.80005076e+00  1.03761603e+03  7.79149712e+02  4.38807276e+03]
[-3.28823347e+00  9.67395120e+02  3.20735888e+02  4.07360747e+03]
[-2.85237814e+00  8.94369932e+02  6.76019896e+02  4.08793803e+03]
[-2.42955702e+00  9.28290004e+02  5.05518089e+02  4.14641692e+03]
[-2.56735976e+00  1.03471392e+03  4.52013725e+02  4.42537897e+03]
[-3.37225724e+00  8.86352364e+02  4.63474310e+02  4.19180569e+03]
[-3.00618131e+00  9.61892266e+02  3.34738399e+02  4.14250920e+03]
[-2.71227437e+00  1.03344865e+03  4.46104551e+02  4.31386064e+03]
[-2.70300034e+00  1.23454716e+03  4.34223178e+02  4.46446834e+03]
[-3.09840202e+00  1.11383262e+03  2.51402818e+02  4.40890766e+03]
[-2.23545875e+00  9.36660628e+02  5.16499633e+02  4.14617723e+03]
[-2.25017281e+00  9.52771705e+02  5.06760568e+02  4.12918670e+03]
[-2.46475416e+00  1.11829511e+03  7.79745996e+02  4.39507534e+03]
[-3.19602008e+00  1.09685916e+03  8.13566408e+02  4.30903448e+03]
[-3.24907646e+00  1.04019263e+03  4.56726733e+02  4.30694333e+03]
[-2.91238574e+00  1.09835639e+03  9.64861748e+02  4.18911754e+03]
[-3.20093057e+00  9.86046823e+02  6.41153471e+02  4.14190419e+03]
[-1.98739435e+00  9.49920780e+02  5.19615960e+02  4.14284863e+03]
[-3.32248435e+00  8.99258328e+02  4.89347103e+02  3.88324613e+03]
[-3.28534065e+00  1.02413683e+03  8.16531516e+02  4.46413382e+03]
[-3.26806847e+00  1.03832114e+03  5.99371686e+02  4.16404798e+03]
[-2.43964863e+00  9.47248627e+02  6.19708773e+02  4.25756202e+03]
[-2.14496763e+00  1.03052856e+03  6.05400694e+02  4.32548367e+03]
[-2.49398487e+00  1.04712795e+03  5.06411662e+02  4.29093938e+03]
[-3.36671710e+00  1.02319341e+03  6.14991473e+02  4.18182881e+03]
[-2.52203558e+00  1.03313428e+03  6.04322934e+02  4.08412316e+03]
[-3.10292810e+00  9.51380807e+02  4.71268087e+02  4.35723816e+03]
[-3.13261413e+00  1.04523999e+03  4.33382474e+02  4.38848619e+03]
[-3.19271210e+00  9.28486042e+02  5.23321208e+02  4.02459407e+03]
[-3.45295533e+00  9.54445591e+02  6.28316653e+02  4.11789675e+03]
[-2.60461156e+00  9.16816122e+02  6.55077694e+02  4.18943615e+03]
[-2.22366414e+00  9.53487134e+02  5.35386897e+02  4.15937701e+03]
[-3.23354362e+00  1.03485207e+03  6.10570158e+02  4.09119611e+03]
[-2.72678326e+00  9.38264519e+02  5.04733435e+02  4.36701820e+03]
[-3.27483127e+00  1.01972957e+03  6.08532170e+02  4.30706126e+03]
[-2.68037632e+00  1.04694599e+03  6.18028790e+02  4.21308255e+03]
[-2.29425770e+00  1.02887584e+03  6.05112414e+02  4.19425472e+03]
[-3.13665915e+00  8.92056039e+02  4.81384354e+02  4.21216720e+03]
[-2.20228413e+00  1.00862661e+03  4.40518632e+02  4.15612866e+03]
[-3.33241315e+00  8.90118913e+02  4.80002546e+02  3.84687210e+03]
[-3.19763849e+00  9.01311959e+02  4.82841122e+02  3.98526760e+03]
[-3.19758655e+00  1.03649556e+03  6.09945633e+02  4.15028908e+03]
[-2.63386199e+00  1.06119907e+03  5.22583034e+02  4.16570999e+03]
[-2.92209004e+00  1.05915501e+03  8.48365311e+02  4.57894371e+03]
[-2.33763844e+00  9.69535598e+02  6.20134704e+02  4.30633702e+03]
[-3.50515612e+00  1.02157793e+03  6.24280588e+02  4.23748776e+03]
[-3.41076917e+00  9.54315091e+02  3.26448000e+02  3.91109475e+03]
[-2.46336497e+00  1.03499934e+03  6.11274879e+02  4.23860688e+03]
[-3.49831636e+00  1.00525815e+03  8.69277811e+01  4.64578472e+03]
[-3.11869677e+00  8.84902571e+02  4.84855423e+02  3.82150019e+03]
[-2.69466842e+00  1.03835546e+03  4.50940615e+02  4.27844393e+03]
[-2.39159032e+00  8.99857785e+02  6.97553020e+02  4.15910720e+03]
[-2.79336064e+00  8.91866816e+02  7.04030199e+02  4.00236945e+03]
[-1.54908349e+00  8.87841693e+02  6.64701400e+02  4.01256783e+03]
[-3.22609286e+00  9.03751063e+02  8.76489601e+02  4.17656920e+03]
[-2.06803609e+00  9.01396598e+02  7.56534041e+02  4.16592276e+03]
[-3.18366804e+00  1.53934048e+03  1.09686749e+03  4.50466542e+03]
[-2.61069616e+00  1.07694963e+03  9.25138243e+02  4.47505045e+03]
[-3.05422837e+00  9.84128218e+02  7.26719044e+02  4.12602785e+03]
[-2.86994590e+00  9.01740036e+02  7.03539769e+02  4.26269647e+03]
[-3.38012526e+00  1.33857334e+03  9.68044350e+02  4.56235582e+03]
[-2.04314286e+00  8.75985638e+02  6.59536590e+02  4.18887925e+03]
[-2.26321232e+00  9.78052590e+02  7.20011317e+02  4.08741365e+03]
[-3.21970675e+00  8.80381436e+02  9.64565981e+02  4.24201129e+03]
[-3.21166701e+00  1.23217095e+03  9.41959417e+02  4.59072795e+03]
[-2.97336464e+00  9.70583501e+02  7.15317733e+02  4.14507468e+03]
[-2.94731415e+00  9.68681688e+02  7.17833568e+02  4.01365353e+03]
[-3.02303398e+00  8.86397671e+02  7.02861672e+02  3.89645073e+03]
[-3.51544951e+00  1.03973416e+03  5.19548246e+02  4.54050251e+03]
[-3.28137526e+00  8.90580217e+02  7.03792525e+02  4.04484956e+03]
[-3.13752104e+00  1.00973480e+03  8.11339013e+02  4.43921147e+03]
[-3.40954608e+00  8.93846564e+02  5.79358167e+02  4.07732765e+03]
[-2.94204012e+00  1.02049544e+03  7.44334385e+02  4.46032721e+03]
[-3.18119255e+00  1.01672895e+03  7.41658377e+02  4.44999871e+03]
[-2.68414576e+00  8.17496778e+02  8.67956588e+02  4.18000449e+03]
[-2.83579029e+00  8.87737638e+02  7.00677571e+02  3.89789450e+03]
[-2.22835459e+00  8.69106084e+02  6.53180379e+02  3.84527990e+03]
[-2.31392468e+00  9.04658251e+02  6.85931777e+02  4.14678085e+03]
[-2.45880534e+00  9.02554048e+02  7.27417659e+02  4.38339114e+03]
[-3.04364475e+00  9.66810286e+02  6.99058433e+02  4.14113459e+03]
[-3.35592195e+00  8.96043934e+02  7.03436954e+02  4.05845691e+03]
[-3.06611571e+00  1.25181270e+03  9.83810303e+02  4.63566670e+03]
[-3.23593612e+00  7.98043461e+02  6.41324367e+02  4.04564780e+03]
[-2.88949540e+00  8.89022371e+02  5.82954690e+02  4.20913137e+03]
[-2.66542151e+00  9.00029351e+02  5.78123514e+02  3.94877819e+03]
[-2.24536141e+00  8.83895876e+02  5.90690129e+02  3.84912403e+03]
[-2.99124301e+00  8.47332466e+02  6.31703867e+02  3.82150039e+03]
[-2.26865042e+00  8.92993731e+02  6.86047428e+02  4.12975400e+03]
[-2.50475359e+00  8.96608341e+02  6.95575228e+02  4.12573612e+03]
[-3.17671752e+00  9.84467288e+02  7.26634601e+02  4.37560549e+03]
[-2.40545185e+00  9.75986134e+02  7.11423689e+02  4.20769620e+03]
[-2.37138328e+00  8.86211404e+02  7.98858713e+02  4.18875459e+03]
[-3.19870398e+00  8.01110598e+02  7.43843756e+02  4.21222167e+03]
[-3.35229729e+00  6.44443052e+02  3.85872085e+02  4.43190226e+03]
[-2.93153126e+00  9.76471377e+02  7.18267840e+02  4.30907181e+03]
[-2.84363197e+00  9.73651727e+02  7.14443436e+02  4.27039898e+03]
[-2.66553525e+00  8.87693861e+02  6.93147248e+02  4.14628086e+03]
[-2.95888273e+00  1.03905816e+03  7.43955724e+02  3.98248986e+03]
[-2.76588055e+00  8.98722410e+02  5.79019873e+02  4.21839340e+03]
[-2.88987742e+00  8.94999415e+02  6.91956777e+02  4.27932933e+03]
[-3.23737831e+00  7.95844076e+02  6.49017072e+02  4.34335829e+03]
[-3.11717472e+00  8.87432293e+02  9.51578653e+02  4.12711090e+03]
[-2.04014351e+00  8.86772585e+02  7.00945823e+02  3.96443997e+03]
[-2.77463953e+00  9.59062044e+02  6.77079434e+02  4.32181283e+03]
[-2.87459611e+00  9.75244596e+02  7.19049509e+02  4.31704738e+03]
[-3.21034010e+00  8.84068284e+02  5.95732647e+02  4.30838159e+03]
[-2.09326169e+00  6.99862777e+02  7.05116109e+02  4.11474044e+03]
[-1.80256833e+00  8.88014775e+02  6.81032864e+02  4.12567514e+03]
[-3.22125723e+00  8.71867657e+02  7.03582408e+02  4.03392166e+03]
[-3.30480724e+00  9.81406077e+02  5.34034371e+02  4.07221792e+03]
[-3.13948359e+00  1.05947604e+03  5.55172681e+02  4.67849323e+03]
[-3.39986246e+00  9.87258203e+02  5.27564431e+02  4.02433590e+03]
[-3.28569744e+00  9.40990360e+02  5.41242310e+02  3.83983899e+03]
[-3.24335283e+00  9.59593670e+02  5.37488319e+02  3.94641928e+03]
[-3.12132756e+00  1.07307121e+03  5.64736703e+02  4.85608749e+03]
[-3.15415870e+00  1.00523310e+03  5.32471479e+02  4.21007117e+03]
[-3.41438141e+00  9.80091419e+02  5.27375346e+02  4.11524231e+03]
[-3.39833138e+00  1.08413087e+03  5.42894328e+02  4.48971436e+03]
[-3.20007467e+00  1.10576953e+03  5.82215019e+02  4.43229182e+03]
[-3.23821515e+00  1.09556885e+03  5.86445862e+02  4.27947563e+03]
[-3.39996738e+00  9.91233872e+02  5.26156873e+02  4.10809009e+03]
[-3.37628410e+00  1.09630408e+03  5.77762459e+02  4.48200929e+03]
[-3.34101834e+00  1.07746799e+03  4.94904675e+02  4.39106874e+03]
[-3.34202815e+00  1.07400592e+03  6.02207421e+02  4.43878763e+03]
[-3.10354727e+00  9.90827668e+02  5.33032161e+02  4.06273775e+03]
[-3.49983111e+00  1.10743593e+03  3.38509417e+02  4.55777037e+03]
[-3.27606331e+00  9.90991146e+02  5.28920230e+02  4.19787736e+03]
[-3.24899312e+00  1.06148188e+03  5.34689347e+02  4.67764947e+03]
[-3.29214814e+00  9.81760481e+02  5.20518785e+02  4.04889778e+03]
[-3.38509962e+00  1.01723666e+03  6.18330087e+02  4.81728187e+03]
[-3.23568919e+00  1.13524064e+03  5.71742114e+02  4.55178443e+03]
[-2.62388008e+00  1.07244720e+03  6.32958107e+02  4.76362128e+03]
[-3.25284695e+00  1.08426351e+03  5.48403889e+02  4.61908578e+03]
[-2.94078587e+00  9.83544019e+02  5.37682883e+02  4.12984016e+03]
[-3.40382983e+00  1.07878710e+03  5.20562414e+02  4.54795218e+03]
[-3.15223451e+00  1.08305958e+03  5.76402727e+02  4.75756615e+03]
[-3.08648443e+00  9.41863223e+02  5.33784030e+02  3.89310872e+03]
[-3.30537574e+00  8.50953541e+02  5.19427965e+02  4.21624278e+03]
[-3.35296855e+00  1.09776073e+03  5.84366932e+02  4.42212292e+03]
[-3.36140100e+00  1.08312896e+03  5.58954410e+02  4.67343520e+03]
[-3.22387759e+00  1.08316496e+03  5.64090352e+02  4.78827016e+03]
[-2.90720073e+00  1.15601077e+03  5.22579192e+02  4.60797393e+03]
[-3.31315608e+00  9.84804468e+02  5.31230464e+02  4.07940081e+03]
[-3.20090660e+00  9.19958916e+02  5.33294151e+02  3.89364841e+03]
[-3.28354856e+00  9.77433702e+02  5.22544220e+02  4.02946002e+03]
[-3.22108909e+00  9.80022618e+02  5.32018185e+02  3.99058987e+03]
[-3.35798332e+00  1.10414807e+03  5.70130094e+02  4.55241237e+03]
[-3.32066244e+00  1.08120577e+03  5.98852905e+02  4.26970011e+03]
[-3.08461002e+00  9.53073355e+02  5.32716452e+02  3.82149966e+03]
[-3.34617520e+00  9.82397781e+02  5.31016026e+02  4.11746498e+03]
[-3.23444158e+00  9.93640700e+02  5.39167332e+02  4.45256920e+03]
[-1.69422127e+00  6.38755614e+02  1.04710450e+03  4.38538272e+03]
[-3.32398451e+00  6.94572153e+02  1.11738708e+03  4.36257270e+03]
[-3.05906080e+00  7.37535277e+02  1.14712371e+03  4.52969148e+03]
[-3.12036679e+00  6.96365439e+02  1.12164577e+03  4.30335510e+03]
[-2.14944594e+00  7.15024498e+02  1.12610322e+03  4.43847457e+03]
[-3.16813348e+00  7.61983501e+02  1.06087660e+03  4.38619904e+03]
[-2.77904962e+00  7.71232698e+02  1.16140798e+03  4.51509123e+03]
[-2.64429491e+00  6.27584569e+02  1.04065529e+03  4.08828659e+03]
[-2.28589840e+00  6.95413494e+02  1.12344633e+03  4.30692589e+03]
[-2.66297557e+00  6.26684869e+02  1.14096819e+03  4.20562401e+03]
[-3.05728607e+00  5.84640200e+02  9.89278246e+02  3.82150023e+03]
[-3.05075832e+00  5.93403743e+02  5.18815339e+02  4.49958214e+03]
[-3.10713309e+00  7.19766963e+02  1.20128056e+03  4.55803796e+03]
[-2.25812412e+00  6.27993919e+02  8.85085560e+02  4.06500749e+03]
[-3.36101711e+00  6.14717041e+02  1.13496907e+03  4.28676332e+03]
[-2.16493909e+00  6.59410567e+02  9.16610418e+02  4.05347588e+03]
[-2.78147641e+00  6.21077315e+02  1.02992667e+03  4.05134343e+03]
[-3.40671632e+00  6.44223063e+02  1.13775036e+03  4.02376929e+03]
[-2.80597559e+00  7.58917682e+02  1.04343206e+03  4.02724428e+03]
[-2.27946312e+00  6.16680556e+02  1.14799633e+03  4.49543508e+03]
[-2.90500863e+00  6.22426220e+02  1.13219715e+03  4.21637641e+03]
[-2.80151499e+00  6.19489069e+02  1.02537960e+03  3.91214385e+03]
[-3.12199884e+00  5.90363932e+02  8.28198561e+02  4.26242852e+03]
[-2.17984111e+00  6.18662847e+02  1.03611941e+03  4.18239347e+03]
[-3.05227798e+00  7.14516843e+02  1.13032355e+03  4.44972882e+03]
[-3.38473620e+00  6.01543608e+02  1.02296114e+03  3.82149995e+03]
[-2.75463739e+00  6.06787412e+02  1.12340887e+03  4.52466174e+03]
[-3.44817356e+00  7.35043692e+02  1.20733009e+03  4.36746913e+03]
[-3.45036868e+00  8.19799565e+02  1.19361757e+03  4.56503497e+03]
[-2.97231120e+00  7.05462417e+02  1.12898478e+03  4.39669234e+03]
[-3.24121476e+00  6.39890120e+02  1.13370422e+03  4.26615627e+03]
[-3.48076200e+00  5.96395390e+02  1.09167696e+03  4.52820706e+03]
[-2.89847732e+00  6.21796378e+02  1.03252946e+03  4.11022867e+03]
[-3.27436874e+00  6.19154287e+02  1.02384082e+03  3.90350264e+03]
[-2.64322645e+00  6.16702073e+02  1.02204939e+03  3.88907154e+03]
[-3.33729426e+00  6.18706025e+02  1.02232775e+03  3.99597143e+03]
[-2.71059816e+00  6.16609917e+02  1.03386440e+03  4.12122708e+03]
[-3.36729939e+00  7.73844666e+02  1.07776532e+03  4.37803133e+03]
[-2.78627244e+00  6.14132674e+02  1.03223651e+03  4.15848054e+03]
[-2.37353803e+00  6.33219777e+02  1.11791668e+03  4.43099973e+03]
[-1.71782766e+00  6.20764262e+02  1.14558682e+03  4.43243792e+03]
[-2.21825015e+00  6.30091975e+02  1.04344450e+03  4.25820932e+03]
[-3.10859902e+00  7.08702207e+02  1.13087244e+03  4.41073742e+03]
[-2.60027626e+00  7.13408492e+02  1.12742987e+03  4.34765332e+03]
[-2.44263862e+00  6.18620267e+02  1.02353241e+03  4.09424157e+03]
[-3.28841089e+00  6.95328798e+02  1.10115234e+03  4.49023822e+03]
[-3.28742205e+00  6.22060244e+02  1.18680308e+03  4.58411101e+03]
[-3.30900073e+00  6.40097206e+02  1.13373630e+03  4.22994116e+03]
[-3.07796494e+00  7.04631844e+02  1.15016507e+03  4.23786873e+03]
[-3.26465432e+00  7.61174735e+02  1.06577759e+03  4.40919735e+03]
[-2.59007254e+00  6.33606233e+02  1.14562639e+03  4.16519472e+03]
[-2.20724084e+00  5.97085631e+02  1.13712969e+03  4.29425995e+03]
[-2.69775734e+00  6.41071162e+02  1.16630721e+03  4.57057865e+03]
[-2.43561271e+00  8.19206863e+02  1.22359659e+03  4.62234801e+03]
[-2.32141402e+00  7.02809711e+02  1.19559489e+03  4.63459143e+03]
[-3.41170592e+00  6.33962997e+02  1.13981023e+03  4.04309670e+03]
[-1.98038701e+00  8.38897800e+02  8.98848645e+02  4.23720434e+03]
[-2.06060236e+00  7.69245691e+02  8.05869692e+02  4.25476911e+03]
[-3.15028341e+00  7.69083978e+02  8.07011260e+02  4.14505306e+03]
[-2.92744597e+00  6.84333921e+02  7.47693604e+02  3.82149971e+03]
[-3.30852555e+00  9.62605841e+02  7.27004710e+02  4.47486710e+03]
[-2.53254568e+00  6.30431811e+02  8.89296081e+02  4.42837136e+03]
[-2.94343703e+00  7.66636248e+02  9.25930490e+02  4.41378998e+03]
[-3.11459731e+00  6.79619615e+02  8.68682239e+02  3.98877987e+03]
[-3.35519872e+00  6.39217020e+02  7.74485748e+02  4.44195438e+03]
[-3.02590882e+00  9.92346339e+02  1.04986777e+03  4.37136546e+03]
[-3.49942688e+00  7.98005344e+02  7.50755554e+02  4.29293699e+03]
[-2.53225932e+00  6.37701044e+02  7.79195342e+02  4.33305071e+03]
[-2.02442836e+00  7.71132835e+02  8.21227843e+02  4.17636416e+03]
[-3.15597028e+00  6.65163681e+02  7.54355079e+02  3.83827516e+03]
[-1.86360312e+00  6.58073179e+02  7.88372384e+02  4.14597550e+03]
[-3.07218144e+00  6.82977043e+02  1.08122136e+03  4.42302980e+03]
[-3.40542031e+00  9.90868175e+02  6.43801558e+02  4.27588137e+03]
[-1.81808833e+00  7.63055023e+02  8.15225151e+02  4.12478625e+03]
[-3.11310238e+00  6.45552756e+02  7.89118001e+02  4.05773127e+03]
[-1.86881389e+00  6.54790957e+02  7.82540763e+02  4.03941629e+03]
[-3.26105650e+00  6.30012890e+02  7.82388398e+02  4.13837141e+03]
[-1.57961164e+00  6.55424655e+02  7.70219358e+02  4.11630449e+03]
[-2.79628808e+00  7.55773571e+02  8.12797724e+02  4.14060381e+03]
[-2.50046942e+00  6.57837558e+02  8.00563071e+02  4.05728472e+03]
[-3.09665668e+00  5.53431152e+02  7.07442372e+02  4.40563619e+03]
[-3.13717120e+00  6.48331249e+02  7.82017838e+02  4.11471430e+03]
[-3.40911903e+00  6.43512700e+02  7.64941949e+02  3.86792461e+03]
[-3.38926517e+00  6.20973853e+02  9.01591351e+02  4.12540959e+03]
[-1.81703932e+00  6.55246493e+02  7.93438341e+02  4.00609724e+03]
[-3.21630867e+00  6.58680599e+02  7.80329096e+02  4.01435862e+03]
[-2.91985363e+00  8.15122899e+02  6.40972865e+02  4.27191568e+03]
[-1.73093518e+00  6.54247479e+02  8.69320781e+02  4.18506752e+03]
[-3.23004595e+00  6.55897185e+02  7.65784211e+02  3.88201297e+03]
[-3.03835460e+00  6.50562083e+02  8.38615478e+02  4.18360303e+03]
[-2.61991631e+00  8.98828278e+02  9.71342349e+02  4.35560725e+03]
[-3.16141336e+00  7.77241865e+02  6.39367734e+02  4.17911126e+03]
[-3.16501645e+00  7.71613280e+02  9.03004939e+02  4.21743011e+03]
[-3.49835510e+00  9.04664154e+02  6.77516476e+02  4.26624281e+03]
[-2.21034325e+00  7.69411680e+02  8.07075838e+02  4.20445534e+03]
[-3.00810234e+00  6.48000194e+02  8.75502071e+02  4.24971522e+03]
[-2.89780200e+00  6.47526865e+02  7.84072098e+02  4.10304199e+03]
[-3.26113022e+00  7.71745490e+02  8.19602786e+02  4.00435291e+03]
[-2.30078402e+00  7.67134462e+02  8.14320668e+02  4.21540081e+03]
[-1.98765139e+00  7.69609206e+02  8.91141986e+02  4.27086131e+03]
[-1.78336942e+00  6.52965400e+02  8.54201194e+02  4.14701767e+03]
[-2.79197230e+00  8.86078493e+02  9.53227913e+02  4.35138291e+03]
[-3.34941296e+00  7.60014968e+02  1.07567708e+03  4.03663004e+03]
[-2.41974762e+00  6.70459600e+02  1.12060062e+03  4.14382229e+03]
[-3.09734318e+00  7.65678715e+02  1.07714177e+03  4.27954712e+03]
[-3.13369634e+00  7.73378409e+02  1.12119316e+03  4.11882230e+03]
[-2.09423294e+00  6.51937164e+02  1.00789232e+03  3.90061972e+03]
[-3.04186326e+00  7.75505471e+02  1.04521481e+03  4.22995666e+03]
[-2.05090454e+00  6.89932129e+02  9.96875644e+02  3.95201217e+03]
[-3.22996105e+00  6.44079348e+02  7.26797376e+02  4.08222730e+03]
[-3.14913360e+00  7.06875175e+02  8.47715668e+02  3.96754272e+03]
[-2.97809641e+00  7.66335780e+02  1.05275470e+03  4.36973656e+03]
[-2.60507355e+00  6.34234826e+02  1.01108042e+03  3.88760412e+03]
[-3.10991465e+00  6.37913320e+02  1.00663925e+03  3.98636938e+03]
[-3.36026401e+00  7.02896742e+02  1.08303572e+03  4.29721607e+03]
[-2.42540189e+00  6.50832241e+02  1.02837483e+03  4.01608823e+03]
[-3.18195014e+00  6.84726462e+02  9.86741400e+02  3.96362206e+03]
[-3.15954357e+00  6.64646190e+02  9.62884753e+02  3.82150007e+03]
[-2.44874168e+00  6.51579830e+02  1.04797038e+03  3.95391984e+03]
[-2.27455261e+00  6.35013091e+02  1.02471400e+03  4.01187320e+03]
[-2.23038982e+00  6.17792412e+02  9.09797539e+02  3.90232672e+03]
[-2.44446554e+00  7.73678578e+02  1.08786958e+03  4.04444041e+03]
[-3.29428473e+00  7.63572323e+02  1.07683808e+03  4.40869741e+03]
[-3.00172503e+00  6.63945639e+02  1.12104181e+03  4.26972408e+03]
[-2.11892849e+00  7.48378516e+02  1.05168433e+03  4.00273380e+03]
[-2.01619767e+00  6.45315176e+02  1.00663509e+03  4.04815164e+03]
[-1.86330852e+00  6.69212470e+02  9.99348140e+02  3.92656498e+03]
[-2.04932585e+00  6.68012184e+02  1.00857467e+03  3.90393245e+03]
[-2.17271791e+00  6.56639385e+02  9.96039178e+02  4.05630426e+03]
[-3.05509064e+00  7.01530240e+02  1.07025344e+03  4.29748797e+03]
[-2.83349456e+00  6.38187976e+02  1.01286909e+03  3.86070175e+03]
[-2.93379955e+00  6.75441340e+02  1.00037312e+03  3.98273487e+03]
[-2.49731496e+00  6.44688077e+02  1.01538441e+03  4.03865216e+03]
[-3.24765621e+00  7.56715370e+02  1.01750386e+03  3.96034710e+03]
[-2.46129529e+00  6.75750717e+02  9.95684874e+02  4.07379208e+03]
[-3.26604650e+00  7.63793932e+02  1.16170362e+03  4.31667136e+03]
[-2.08942769e+00  6.50791924e+02  1.01766914e+03  4.01689449e+03]
[-2.29961415e+00  6.59071420e+02  1.09936827e+03  4.10899356e+03]
[-2.93806106e+00  6.60478333e+02  1.00448683e+03  3.93034020e+03]
[-2.61391298e+00  7.61941313e+02  1.02108403e+03  4.13360133e+03]
[-1.99165152e+00  6.67964361e+02  1.00646436e+03  3.91803501e+03]
[-2.20341717e+00  6.84419445e+02  8.81892689e+02  3.98645893e+03]
[-2.77005359e+00  6.94894254e+02  8.62948882e+02  4.17602737e+03]
[-3.33889973e+00  7.67997020e+02  1.14043600e+03  4.20140958e+03]
[-2.39939168e+00  6.50484783e+02  1.02733318e+03  4.03167803e+03]
[-3.07628881e+00  7.57290108e+02  1.06974919e+03  4.38548190e+03]
[-3.35438987e+00  7.32328417e+02  1.07344166e+03  4.11891766e+03]
[-3.25858535e+00  6.85825998e+02  9.93812708e+02  3.87583744e+03]
[-2.94032879e+00  6.65634705e+02  1.01707383e+03  4.06826862e+03]
[-2.08312174e+00  6.66401061e+02  1.03799074e+03  3.99227248e+03]
[-2.96562802e+00  7.26056250e+02  8.30530537e+02  3.98586562e+03]
[-3.08565531e+00  7.70097436e+02  1.05536152e+03  4.20028089e+03]
[-2.41960231e+00  7.08116404e+02  1.05047358e+03  4.14250128e+03]
[-3.11973156e+00  4.95629832e+02  1.14103595e+03  4.07769347e+03]
[-2.11011581e+00  4.74185778e+02  1.13757141e+03  3.96603209e+03]
[-3.47864429e+00  3.70450440e+02  1.28786397e+03  4.15302219e+03]
[-2.66349340e+00  4.59979031e+02  1.01775663e+03  3.92874178e+03]
[-2.73665508e+00  3.06478563e+02  1.11540791e+03  3.96005054e+03]
[-2.78217553e+00  3.98942221e+02  1.14309222e+03  3.86327438e+03]
[-2.96124656e+00  3.28101571e+02  1.21670053e+03  3.97032903e+03]
[-2.42652195e+00  4.96613229e+02  1.14085682e+03  4.05642336e+03]
[-3.37889577e+00  4.61111504e+02  1.03375764e+03  3.98310510e+03]
[-2.61861890e+00  3.80690816e+02  1.05341081e+03  3.93637265e+03]
[-3.06942307e+00  4.60878209e+02  1.03432159e+03  3.89583949e+03]
[-2.42060771e+00  4.54553908e+02  1.04123434e+03  4.02418718e+03]
[-2.92352921e+00  4.51590417e+02  1.03806028e+03  3.92443451e+03]
[-2.23902860e+00  3.89056647e+02  1.13082749e+03  3.89862477e+03]
[-3.43824693e+00  3.57184624e+02  1.06963743e+03  3.82150001e+03]
[-3.23422461e+00  4.71186042e+02  1.13898469e+03  3.94273899e+03]
[-2.44856446e+00  3.01937359e+02  1.10907610e+03  4.01754439e+03]
[-2.42196827e+00  3.91892075e+02  1.13308874e+03  3.95663344e+03]
[-2.56291535e+00  4.76624142e+02  1.13886033e+03  4.11102576e+03]
[-3.18445005e+00  4.57190552e+02  1.03247833e+03  3.96674494e+03]
[-1.67480178e+00  4.85140866e+02  1.13976038e+03  3.96661098e+03]
[-2.35455744e+00  4.64654553e+02  1.04000072e+03  3.92975094e+03]
[-1.54526185e+00  3.90925896e+02  1.13457900e+03  3.86507597e+03]
[-3.31490777e+00  6.11621062e+02  9.72298663e+02  4.01394839e+03]
[-2.66688215e+00  4.60212362e+02  1.04012313e+03  4.00507003e+03]
[-2.84444979e+00  4.61984607e+02  1.03435218e+03  3.99592420e+03]
[-1.86725587e+00  4.52957872e+02  1.14282470e+03  3.99915787e+03]
[-2.39444936e+00  4.33363623e+02  1.13374961e+03  3.92449137e+03]
[-2.68357225e+00  4.24568123e+02  1.13532887e+03  4.03914804e+03]
[-3.25416084e+00  6.93158363e+02  1.32920047e+03  4.41536399e+03]
[-3.09273020e+00  3.80980008e+02  1.04904708e+03  3.90502558e+03]
[-1.76431954e+00  3.98988891e+02  1.14169865e+03  3.88172478e+03]
[-2.04644361e+00  3.85236949e+02  1.05615031e+03  3.91660781e+03]
[-2.10872299e+00  4.00001909e+02  1.13324661e+03  3.93358752e+03]
[-3.41199949e+00  2.22130477e+02  1.32906592e+03  4.32951509e+03]
[-2.93173857e+00  4.85758269e+02  1.14006932e+03  4.09238283e+03]
[-2.74818728e+00  3.33304686e+02  1.23672022e+03  4.09545398e+03]
[-2.68474246e+00  4.81081472e+02  1.13976717e+03  3.89341103e+03]
[-2.03337690e+00  4.04304637e+02  1.12950250e+03  3.97574314e+03]
[-2.48422380e+00  3.85359087e+02  1.06330524e+03  3.92600283e+03]
[-2.89946077e+00  4.64262490e+02  1.13586295e+03  4.58881576e+03]
[-2.97904282e+00  4.54878832e+02  9.85949011e+02  3.95590235e+03]
[-2.99725008e+00  4.79726856e+02  1.03335038e+03  4.28685165e+03]
[-2.26354180e+00  4.53298268e+02  9.88894222e+02  3.97252451e+03]
[-3.18167164e+00  4.65577367e+02  9.28190234e+02  4.49232979e+03]
[-2.52092353e+00  4.88397692e+02  1.14701046e+03  4.46459388e+03]
[-2.86876101e+00  4.63384242e+02  1.14779688e+03  4.59331587e+03]
[-3.30408264e+00  4.51471922e+02  9.97065308e+02  3.86493376e+03]
[-3.02072309e+00  4.94043126e+02  1.06950131e+03  4.57912758e+03]
[-1.82423907e+00  4.38094170e+02  1.01983719e+03  4.58752588e+03]
[-3.22128119e+00  4.48254471e+02  1.00905484e+03  3.94514570e+03]
[-2.89955430e+00  4.79136050e+02  1.16013443e+03  4.57973157e+03]
[-2.16155228e+00  4.20386549e+02  1.04082476e+03  4.62624087e+03]
[-3.23118612e+00  4.59713669e+02  1.22326333e+03  4.44006060e+03]
[-2.60550460e+00  4.94395805e+02  1.13560180e+03  4.65171071e+03]
[-3.13143438e+00  4.89692381e+02  1.11995657e+03  4.09547899e+03]
[-2.45790454e+00  4.60855950e+02  1.13083770e+03  4.57756159e+03]
[-3.04167776e+00  4.50362731e+02  1.18889417e+03  4.43904570e+03]
[-3.27781172e+00  4.48066793e+02  9.92037549e+02  3.96779895e+03]
[-2.86300147e+00  4.56209940e+02  9.78904739e+02  4.54703248e+03]
[-3.25304296e+00  4.67419242e+02  1.05440491e+03  3.91633871e+03]
[-2.93905746e+00  4.78449156e+02  1.13005320e+03  4.48647238e+03]
[-2.87491173e+00  4.63452223e+02  1.13656324e+03  4.64314357e+03]
[-3.35061263e+00  4.62918221e+02  1.06043568e+03  4.07334842e+03]
[-3.47757739e+00  4.82502220e+02  1.33593160e+03  4.50185130e+03]
[-3.07816659e+00  4.46181149e+02  9.88935351e+02  4.21947091e+03]
[-1.62777086e+00  4.34650627e+02  1.03217198e+03  4.69864134e+03]
[-3.00893912e+00  5.34733185e+02  1.33880131e+03  4.76409691e+03]
[-2.91326719e+00  4.58783685e+02  1.01536062e+03  4.06415843e+03]
[-3.08908855e+00  3.64621712e+02  1.19150808e+03  4.46538135e+03]
[-2.96603760e+00  6.53324285e+02  1.42620634e+03  4.93648304e+03]
[-2.56490480e+00  6.28322596e+02  1.26671477e+03  4.73008953e+03]
[-2.91987294e+00  4.64154061e+02  9.91211564e+02  3.82149983e+03]
[-2.79690094e+00  4.44903366e+02  1.19301878e+03  4.51304463e+03]
[-3.05406680e+00  4.41381829e+02  9.97811843e+02  4.00761001e+03]
[-2.57483380e+00  4.55837671e+02  1.13683740e+03  4.49083919e+03]
[-3.27610625e+00  4.39542344e+02  9.91580632e+02  4.14242985e+03]
[-2.62464498e+00  4.46195201e+02  9.39939182e+02  4.01151205e+03]
[-2.66669257e+00  4.67334115e+02  1.14929529e+03  3.90646993e+03]
[-2.76271399e+00  4.52755354e+02  9.90576432e+02  3.85560244e+03]
[-3.14055654e+00  4.57613504e+02  9.96385500e+02  4.13502611e+03]
[-2.49681333e+00  4.92084357e+02  1.14336068e+03  4.53314761e+03]
[-3.31203983e+00  4.67544465e+02  1.04130862e+03  4.31785014e+03]
[-2.91982978e+00  3.52909972e+02  1.26591064e+03  4.54585509e+03]
[-3.27091840e+00  4.52710437e+02  9.92873722e+02  3.87952121e+03]
[-3.11566142e+00  4.57752967e+02  1.08099178e+03  3.92419641e+03]
[-3.26340249e+00  4.56412730e+02  1.03182553e+03  3.99506578e+03]
[-2.21757454e+00  4.45611156e+02  1.17523826e+03  4.57859416e+03]
[-2.81002957e+00  4.94454545e+02  1.15461843e+03  4.60945595e+03]
[-3.19039624e+00  5.51756940e+02  1.49880182e+03  4.77896750e+03]
[-3.16397378e+00  4.43302517e+02  1.17392481e+03  4.73509239e+03]
[-3.01110444e+00  4.70547203e+02  1.16369876e+03  4.67492620e+03]
[-3.13715409e+00  6.20178752e+02  1.11870633e+03  4.43199589e+03]
[-3.21759289e+00  4.66020876e+02  1.04436277e+03  4.41623608e+03]
[-3.26168435e+00  4.66175315e+02  9.71012572e+02  4.46700275e+03]
[-3.00271876e+00  5.03617964e+02  1.14440656e+03  4.48784880e+03]
[-2.27566733e+00  4.58427343e+02  1.03200475e+03  3.99845754e+03]
[-2.84182006e+00  4.60732599e+02  1.15036356e+03  4.39507995e+03]
[-2.73633261e+00  4.71288460e+02  1.15145071e+03  4.50099348e+03]
[-3.31957112e+00  4.47854947e+02  9.95372090e+02  3.91160416e+03]
[-2.80035398e+00  5.88511772e+02  9.74201861e+02  4.12770909e+03]
[-3.24331273e+00  4.94044352e+02  1.14512833e+03  4.27773990e+03]
[-3.18656611e+00  5.14701045e+02  1.59674871e+03  4.86275656e+03]
[-2.80421730e+00  4.86663817e+02  1.11479337e+03  4.61564929e+03]
[-2.58167366e+00  4.54366151e+02  1.17889584e+03  4.53891504e+03]
[-2.96238092e+00  4.67792439e+02  1.13673916e+03  4.52412755e+03]
[-3.38316565e+00  3.02055572e+02  1.40986806e+03  4.05639996e+03]
[-1.50236101e+00  2.50630128e+02  1.10807856e+03  4.00754528e+03]
[-2.50712544e+00  2.41220955e+02  1.08950270e+03  3.93183486e+03]
[-1.97240413e+00  1.77436791e+02  1.06118813e+03  4.08276207e+03]
[-3.27753792e+00  3.60097205e+02  1.14589247e+03  3.96102322e+03]
[-3.09163487e+00  2.34144513e+02  1.22876879e+03  4.06075686e+03]
[-2.58120734e+00  2.57578672e+02  1.11857244e+03  4.08868382e+03]
[-2.25314112e+00  1.31372836e+02  1.13060847e+03  4.13026582e+03]
[-3.45744807e+00  3.11687101e+02  1.29381150e+03  4.11100799e+03]
[-2.70592833e+00  1.83475499e+02  1.04639500e+03  3.84520150e+03]
[-2.53012432e+00  2.39277715e+02  1.22699915e+03  4.04942846e+03]
[-3.16899386e+00  2.33659915e+02  1.22776220e+03  4.08633152e+03]
[-2.77866396e+00  2.39139593e+02  1.21527507e+03  3.98842044e+03]
[-2.87515997e+00  2.66971236e+02  1.13598259e+03  3.93861397e+03]
[-3.00659083e+00  1.90373415e+02  1.02646779e+03  3.82149996e+03]
[-2.33181223e+00  2.44735678e+02  1.09469996e+03  4.00639157e+03]
[-3.48250016e+00  2.87932794e+02  1.36550148e+03  4.01602492e+03]
[-2.89766418e+00  2.37302030e+02  1.09868946e+03  3.90536076e+03]
[-2.51507273e+00  2.22829272e+02  1.05905145e+03  4.12630297e+03]
[-2.98919843e+00  1.89124150e+02  1.04931840e+03  3.99045948e+03]
[-2.08774286e+00  2.27021074e+02  1.09583211e+03  4.14328694e+03]
[-2.67385712e+00  1.97817884e+02  1.05119342e+03  3.92072106e+03]
[-2.65589821e+00  1.24307861e+02  1.11650521e+03  3.87981178e+03]
[-2.58768415e+00  1.24310400e+02  1.11246209e+03  4.02457223e+03]
[-2.21488866e+00  2.69021533e+02  1.17966435e+03  3.99948240e+03]
[-2.72754022e+00  1.75983153e+02  1.05731055e+03  4.20158269e+03]
[-2.21685862e+00  2.32357475e+02  1.09725908e+03  4.09809892e+03]
[-2.41028972e+00  2.41578160e+02  1.08730653e+03  3.96038730e+03]
[-2.69809260e+00  1.30789814e+02  1.12759781e+03  3.93473682e+03]
[-3.46549060e+00  1.28409047e+02  1.14321929e+03  3.95229469e+03]
[-3.15089292e+00  2.33161412e+02  1.01461140e+03  4.05513173e+03]
[-2.09775436e+00  1.28277028e+02  1.11450338e+03  4.01356265e+03]
[-2.01050392e+00  1.48885540e+02  1.09501103e+03  4.00683990e+03]
[-3.51545069e+00  3.38151265e+02  1.01466283e+03  4.00905976e+03]
[-3.47511846e+00  3.66532257e+02  5.60714818e+02  4.18752295e+03]
[-3.02854926e+00  1.29401867e+02  1.14137856e+03  4.20056088e+03]
[-1.89766326e+00  2.38611769e+02  1.08753145e+03  4.08578244e+03]
[-3.08325513e+00  2.98825672e+02  9.24118669e+02  4.08480420e+03]
[-2.27614518e+00  1.51865037e+02  1.09102444e+03  3.96142792e+03]
[-2.98431803e+00  1.32619398e+02  1.14050774e+03  4.16861318e+03]
[-1.52385829e+00  2.57506729e+02  1.10584297e+03  3.99403193e+03]
[-3.01214248e+00  2.09688613e+02  1.19616516e+03  3.98549190e+03]
[-2.00140641e+00  2.02671757e+02  1.22858501e+03  4.32308463e+03]
[-2.86740034e+00  2.26253139e+02  1.09641595e+03  4.13472910e+03]
[-2.91717346e+00  3.53932158e+02  1.27810128e+03  4.16376073e+03]
[-3.26931198e+00  2.26847102e+02  1.22108046e+03  3.98675070e+03]
[-1.70050113e+00  2.16482778e+02  1.10708990e+03  4.42325449e+03]
[-3.08369113e+00  2.03633077e+02  1.11208947e+03  4.00064552e+03]
[-3.27365053e+00  2.47171999e+02  1.27026701e+03  4.36571299e+03]
[-2.05721240e+00  2.10598535e+02  1.19684723e+03  4.01423863e+03]
[-2.20869195e+00  2.10065008e+02  1.22523290e+03  4.31213087e+03]
[-2.28091262e+00  2.75128550e+02  1.28132143e+03  4.30078573e+03]
[-2.44094949e+00  2.66770584e+02  1.20180201e+03  3.99541447e+03]
[-1.75117799e+00  2.85398561e+02  1.21081108e+03  4.11696068e+03]
[-3.34877625e+00  2.77266773e+02  1.20228436e+03  3.92940410e+03]
[-2.42859401e+00  1.94439503e+02  1.23188765e+03  4.31427053e+03]
[-1.98538836e+00  1.65580937e+02  1.24646952e+03  4.20927707e+03]
[-2.16787811e+00  2.71926149e+02  1.28938392e+03  4.28927854e+03]
[-2.48554608e+00  2.52240629e+02  1.36392711e+03  4.42800732e+03]
[-3.07835571e+00  3.41134784e+02  1.27600910e+03  4.16658236e+03]
[-2.81706352e+00  2.19782489e+02  1.11223641e+03  4.04868561e+03]
[-3.25807226e+00  2.77538310e+02  1.26901423e+03  4.27873055e+03]
[-3.21730426e+00  2.13231551e+02  1.22946519e+03  4.37505168e+03]
[-2.07320724e+00  2.29700823e+02  1.39334296e+03  4.43132022e+03]
[-3.09073829e+00  3.50967887e+02  1.26621937e+03  4.16730374e+03]
[-3.27250499e+00  2.50487838e+02  1.24642882e+03  4.07899045e+03]
[-3.39909688e+00  2.10515064e+02  1.14925780e+03  3.85486303e+03]
[-3.30594278e+00  2.11410281e+02  1.09577260e+03  3.82149990e+03]
[-3.35571944e+00 -9.52597220e+02  8.16788013e+02  4.15429865e+03]
[-2.84773661e+00  2.11657134e+02  1.23332086e+03  4.41520805e+03]
[-2.90774724e+00  2.04926344e+02  1.11815138e+03  3.95378419e+03]
[-3.33000463e+00  2.11360173e+02  1.11344679e+03  3.89375045e+03]
[-2.68927330e+00  1.68689206e+02  1.19122024e+03  3.89079389e+03]
[-3.31929280e+00  2.36107125e+02  1.22036471e+03  3.95847143e+03]
[-3.48458513e+00  3.60989021e+02  1.28549677e+03  4.30023631e+03]
[-3.51545031e+00  2.34553386e+02  1.36285909e+03  3.96632448e+03]
[-2.93371152e+00  1.97957627e+02  1.19383106e+03  4.07651698e+03]
[-3.42140539e+00  3.51663858e+02  9.00827173e+02  4.53213852e+03]
[-3.08866814e+00  3.84842877e+02  1.35480769e+03  4.26042147e+03]
[-3.10643611e+00  2.11211762e+02  1.10579005e+03  4.40406413e+03]
[-2.67686929e+00  2.72036138e+02  1.29717822e+03  4.37383584e+03]
[-3.44189005e+00  3.38966561e+02  1.27531240e+03  4.29765656e+03]
[-3.42767491e+00  1.82364874e+02  1.15775864e+03  3.82150007e+03]
[-2.89923939e+00  3.46002111e+02  1.28068432e+03  4.29965714e+03]
[-3.06136448e+00  2.35383776e+02  1.23278624e+03  4.30991528e+03]
[-3.36734613e+00  3.35613201e+02  1.13975825e+03  3.93050058e+03]
[-2.70313534e+00  2.67536772e+02  1.28319370e+03  4.17748958e+03]
[-2.38017936e+00  2.01306461e+02  1.19297613e+03  3.93397569e+03]
[-3.23720152e+00  2.27329944e+02  1.24472368e+03  4.29557738e+03]
[-3.14492403e+00  2.11049989e+02  1.21039153e+03  4.26771795e+03]
[-2.93720001e+00  2.09325596e+02  1.22761515e+03  4.40909815e+03]
[-3.35777572e+00  1.94475379e+02  1.12891371e+03  3.87571534e+03]
[-3.50398753e+00  2.92637411e+02  1.22808070e+03  4.01176630e+03]
[-2.28976198e+00  2.65734516e+02  1.28616336e+03  4.36386775e+03]
[-1.89716405e+00  2.42418674e+02  1.25599425e+03  4.28698378e+03]
[-2.73490277e+00  2.52302799e+02  1.23687071e+03  4.30216567e+03]
[-3.33745209e+00  1.98661653e+02  1.14634222e+03  4.05361080e+03]
[-3.06662375e+00  1.42617958e+02  1.25861056e+03  4.20766142e+03]
[-3.04693890e+00  1.90662141e+02  1.14342014e+03  3.88182391e+03]
[-2.43774859e+00  2.21137034e+02  1.24723949e+03  4.34974301e+03]
[-2.89638581e+00  2.22823685e+02  1.21524052e+03  4.15926378e+03]
[-3.46823036e+00  1.22518938e+02  1.05568581e+03  4.18767586e+03]
[-3.19007903e+00  2.02933775e+02  1.05189469e+03  3.91332349e+03]
[-2.80348600e+00 -1.58210360e+01  1.59526795e+03  4.43132872e+03]
[-3.04642539e+00  1.35667167e+02  1.17565897e+03  4.26879315e+03]
[-3.25210995e+00  1.31573870e+02  1.06815116e+03  4.27942110e+03]
[-2.89395900e+00  3.89705425e+02  1.11968519e+03  3.94227740e+03]
[-2.47806637e+00  2.34268044e+02  1.11743020e+03  4.13697788e+03]
[-2.63269882e+00  1.63386215e+02  1.06838295e+03  3.92666776e+03]
[-2.89271613e+00  2.34201825e+02  1.11731180e+03  4.03858358e+03]
[-3.00591687e+00  1.78434347e+02  1.06491904e+03  3.89488048e+03]
[-2.63316057e+00  1.15066754e+02  1.46213839e+03  4.28772885e+03]
[-2.63647365e+00  1.14184417e+02  1.44314552e+03  4.17774384e+03]
[-2.42965490e+00  1.40396074e+02  1.15775922e+03  4.25188170e+03]
[-3.07336817e+00  2.11884594e+02  1.22113531e+03  4.16355974e+03]
[-2.97544364e+00  1.19023792e+02  1.46290288e+03  4.44119367e+03]
[-3.00311828e+00  2.38605006e+02  1.12175287e+03  4.08503950e+03]
[-3.01085903e+00  3.35719049e+02  1.09991173e+03  4.07005944e+03]
[-3.10072476e+00  2.66971755e+02  1.07537254e+03  3.82149989e+03]
[-2.39860263e+00  1.15975321e+02  1.45990288e+03  4.28832778e+03]
[-3.22038115e+00  1.26803452e+02  1.17590038e+03  4.24606502e+03]
[-3.28252276e+00  1.37152509e+02  1.17570756e+03  4.10592610e+03]
[-3.02587614e+00  8.47696707e+01  1.45769925e+03  4.29023622e+03]
[-2.50973767e+00 -1.15295441e+02  9.06734568e+02  4.45606144e+03]
[-3.16880348e+00  5.10733665e+01  1.78176137e+03  4.38651944e+03]
[-2.97210586e+00  8.41887828e+01  1.59201737e+03  4.41608882e+03]
[-3.46890292e+00  1.32024788e+02  1.21046124e+03  4.45138049e+03]
[-2.55955995e+00  1.38164624e+02  1.20189847e+03  4.21919026e+03]
[-2.83270811e+00  1.35532415e+02  1.07264645e+03  4.00302434e+03]
[-3.28350537e+00  1.51050172e+02  1.17210653e+03  4.11511704e+03]
[-2.71608739e+00  1.44762928e+02  1.06942415e+03  4.45286803e+03]
[-3.11996899e+00  2.03987294e+02  1.22066935e+03  4.15305588e+03]
[-3.43804385e+00  3.23292970e+02  4.42192557e+02  4.10019454e+03]
[-3.03372856e+00  1.38463932e+02  1.15756061e+03  4.12459615e+03]
[-2.43426133e+00  1.12273037e+02  1.07106173e+03  4.12163077e+03]
[-2.59991124e+00  2.16778408e+02  1.10556353e+03  4.12950942e+03]
[-3.13673388e+00  1.87004970e+02  1.21687590e+03  3.91949305e+03]
[-2.92066454e+00  8.66880151e+00  1.62279795e+03  4.36222738e+03]
[-2.41338676e+00  1.30098891e+02  1.16951812e+03  4.14686774e+03]
[-3.22673586e+00  1.25554877e+02  1.13834043e+03  3.88093508e+03]
[-2.93329757e+00  1.65490944e+02  1.49541434e+03  4.30203345e+03]
[-2.94273287e+00  7.94936005e+01  1.00640325e+03  4.38833200e+03]
[-3.19835654e+00 -9.68319820e+00  8.77183628e+02  4.05809905e+03]
[-2.38324841e+00  1.34581908e+02  1.16906591e+03  4.11761756e+03]
[-3.14776202e+00  6.98253995e+01  1.01066523e+03  4.11890386e+03]
[-3.19226458e+00  2.06961256e+02  1.21999623e+03  4.15865491e+03]
[-2.89400840e+00  8.92184683e+01  1.46206753e+03  4.33071896e+03]
[-3.15655974e+00  6.25605830e+01  1.16303321e+03  4.47574914e+03]
[-2.24376790e+00  2.06858825e+02  1.06985418e+03  4.03893489e+03]
[-2.80239771e+00  1.37187323e+02  1.41251814e+03  4.28972027e+03]
[-2.72853773e+00  1.02141295e+02  1.07128533e+03  4.30134984e+03]
[-2.95405137e+00  2.29993122e+02  1.10792238e+03  3.84800478e+03]
[-2.44899952e+00  2.15356581e+02  1.24421638e+03  4.09456146e+03]
[-3.24486675e+00  1.39268528e+02  1.15555846e+03  3.99696581e+03]
[-2.46790124e+00  1.53150207e+02  1.20227925e+03  4.28762177e+03]
[-3.12294748e+00  1.22227941e+02  1.07411406e+03  4.23174210e+03]
[-2.16384228e+00  2.18799450e+02  1.09688758e+03  3.93963620e+03]
[-3.17347400e+00  2.20246900e+02  1.12035997e+03  4.04517722e+03]
[-2.08518810e+00  2.28904767e+02  1.09168446e+03  3.89781949e+03]
[-3.27578510e+00  2.65065740e+02  1.34532471e+03  4.05664329e+03]
[-2.13751481e+00  1.29041848e+02  1.11571052e+03  4.10888426e+03]
[-3.15679829e+00  2.02888008e+02  1.06422283e+03  3.91267393e+03]
[-3.18959625e+00  1.40855457e+02  1.18253138e+03  4.28071783e+03]
[-2.83050559e+00  1.33399039e+02  1.16686376e+03  4.14814288e+03]
[-2.94291889e+00  1.37885952e+02  1.06497710e+03  4.29424701e+03]
[-2.54063434e+00  2.15159092e+02  1.06156085e+03  3.83033689e+03]
[-3.33212252e+00  1.03986228e+02  1.30307905e+03  4.23834178e+03]
[-3.24519829e+00  3.43618476e+02  1.23126817e+03  4.12091770e+03]
[-2.04019683e+00  6.05019008e+01  1.23235003e+03  3.99069313e+03]
[-3.02872408e+00  5.35597810e+01  1.20003311e+03  4.04078005e+03]
[-2.69029949e+00  4.86276009e+01  1.19522305e+03  4.07755004e+03]
[-2.30583790e+00  4.22727799e+01  1.20758320e+03  3.95258528e+03]
[-2.24716174e+00  4.10854342e+01  1.19928805e+03  3.99079142e+03]
[-2.80912168e+00  6.17547985e+01  1.31137648e+03  4.16763861e+03]
[-3.10949147e+00  6.32983774e+01  1.11953103e+03  3.97941541e+03]
[-2.55741763e+00  3.73393540e+01  1.20412826e+03  3.95355116e+03]
[-3.14676443e+00  3.36225252e+01  1.33943261e+03  4.05729694e+03]
[-3.37788051e+00  4.41254718e+01  1.20056657e+03  4.07558664e+03]
[-3.31040418e+00  7.88654041e+01  1.17897016e+03  3.82150012e+03]
[-3.28183858e+00 -6.08227499e+01  1.29448843e+03  3.95692453e+03]
[-3.10909553e+00  5.35727754e+01  1.20825570e+03  4.08827088e+03]
[-2.62487521e+00  4.45655136e+01  1.20270832e+03  3.94610259e+03]
[-3.00408868e+00  1.98696025e+01  1.22232905e+03  3.99657137e+03]
[-2.19062008e+00  5.90641535e+01  1.20072700e+03  3.99284436e+03]
[-3.16150119e+00  2.35502058e+02  1.10409901e+03  3.87555623e+03]
[-1.89591054e+00  5.64473438e+01  1.20593827e+03  3.94760262e+03]
[-3.49090810e+00  7.33412086e+01  1.20218782e+03  4.00922618e+03]
[-2.59814091e+00  2.19164640e+01  1.34462803e+03  4.21987146e+03]
[-3.22698404e+00  2.29243090e+02  1.27627207e+03  3.87318018e+03]
[-2.16024701e+00 -2.08393164e+01  1.10391254e+03  3.97600581e+03]
[-2.85158876e+00  1.55030335e+01  1.35190918e+03  4.18430449e+03]
[-3.13383719e+00  1.92664134e+01  1.36164829e+03  4.04141128e+03]
[-1.89235719e+00  8.70470694e+01  1.33584665e+03  4.04250693e+03]
[-2.14884886e+00  4.60962957e+01  1.19949073e+03  3.96471127e+03]
[-2.84127519e+00  4.56792327e+01  1.19383770e+03  4.07541351e+03]
[-2.46454394e+00  3.30109228e+01  1.19370095e+03  3.92825298e+03]
[-3.47944368e+00  5.63975848e+01  1.20007233e+03  4.34752234e+03]
[-2.52226864e+00 -5.64460457e+01  1.08859029e+03  3.93296166e+03]
[-2.10648143e+00  4.78698170e+01  1.19182154e+03  3.94604475e+03]
[-3.13382913e+00 -4.40429251e+01  1.35514178e+03  4.24194146e+03]
[-2.33200770e+00  4.29142261e+01  1.20974254e+03  3.95349081e+03]
[-2.12247113e+00  5.53835704e+01  1.34153679e+03  4.14505192e+03]
[-3.02579603e+00  3.10267208e+01  1.37006576e+03  4.13260843e+03]
[-3.14492199e+00  4.73585470e+01  1.19969244e+03  4.01400331e+03]
[-2.83870284e+00  2.74515671e+01  1.34542774e+03  4.17856510e+03]
[-2.08164232e+00  5.90315219e+01  1.29180991e+03  4.04819230e+03]
[-3.18774583e+00  2.37440225e+01  1.34276000e+03  4.13507732e+03]
[-2.68950252e+00  6.72151221e+01  1.20397864e+03  4.01354865e+03]
[-2.81322731e+00  5.76029464e+01  1.20240209e+03  4.07986300e+03]
[-2.40080960e+00 -1.34689484e-01  1.37439497e+03  4.20599297e+03]
[-3.18621770e+00 -2.20502497e+02  1.25201031e+03  4.08939141e+03]
[-3.18498710e+00 -6.62399109e+01  1.17982288e+03  4.04477279e+03]
[-3.20817909e+00 -6.55863583e+01  1.18866094e+03  4.28943215e+03]
[-3.14292565e+00 -9.47915862e+01  1.15076069e+03  3.84725814e+03]
[-3.17174383e+00 -8.31083391e+01  1.26416293e+03  4.00773141e+03]
[-3.03375077e+00 -8.34849819e+01  1.26913698e+03  4.09204199e+03]
[-2.82632126e+00 -2.21565199e+02  1.29869476e+03  4.44283382e+03]
[-3.37533502e+00 -2.23534313e+02  1.27553151e+03  4.00052020e+03]
[-2.12590088e+00 -6.82620868e+01  1.18653299e+03  4.05373385e+03]
[-2.89328522e+00 -4.64387898e+01  1.18591537e+03  4.52553257e+03]
[-3.13491879e+00 -1.29334243e+02  1.39592666e+03  4.52405616e+03]
[-2.62818793e+00 -8.08570351e+01  1.27217985e+03  4.35436936e+03]
[-3.35114057e+00 -7.87662635e+01  1.32559713e+03  4.04686600e+03]
[-2.47707524e+00 -8.22806713e+01  1.23541565e+03  4.46060877e+03]
[-3.24081082e+00 -2.11607643e+02  1.25574614e+03  3.96972361e+03]
[-3.24441359e+00 -2.12436936e+02  1.26554086e+03  4.00608925e+03]
[-3.12090118e+00 -8.25215093e+01  1.25415628e+03  4.15160641e+03]
[-2.81289844e+00 -7.90115251e+01  1.26533903e+03  4.31605101e+03]
[-2.99354649e+00 -2.03985697e+02  1.23630330e+03  4.20597861e+03]
[-1.68450008e+00 -7.69929179e+01  1.16127890e+03  4.01873358e+03]
[-3.21047611e+00 -8.07043278e+01  1.24770918e+03  4.03621460e+03]
[-2.55455163e+00 -8.60375863e+01  1.26990107e+03  3.98794403e+03]
[-3.20789077e+00 -8.30757370e+01  1.27230545e+03  4.22798437e+03]
[-3.33304549e+00 -1.36558917e+02  1.16352674e+03  3.82150006e+03]
[-3.20513525e+00 -4.88330723e+02  1.37768812e+03  4.39102748e+03]
[-2.18026537e+00 -4.37926589e+01  1.19623765e+03  4.38698855e+03]
[-2.62263150e+00 -6.68233288e+01  1.31597777e+03  4.43501739e+03]
[-2.70973478e+00 -7.14519666e+01  1.20141709e+03  4.43692096e+03]
[-3.29290384e+00 -5.94547320e+01  1.18008032e+03  4.09082008e+03]
[-1.83561700e+00 -7.08048464e+01  1.18266512e+03  4.07234160e+03]
[-3.11802767e+00 -8.43905441e+01  1.25242834e+03  4.01157983e+03]
[-2.74587918e+00 -3.77203866e+01  1.18747838e+03  4.18363276e+03]
[-2.90913287e+00 -6.39936332e+01  1.20513685e+03  4.13425708e+03]
[-3.51544937e+00 -2.14230312e+02  1.36522258e+03  4.31158157e+03]
[-2.88032850e+00 -7.63230806e+01  1.19854713e+03  4.33303103e+03]
[-3.00826250e+00 -8.49499037e+01  1.26510290e+03  4.20600822e+03]
[-2.20791920e+00 -8.21638136e+01  1.22306242e+03  4.26629971e+03]
[-3.12746347e+00 -6.19760550e+01  1.29803721e+03  4.38607091e+03]
[-2.89683745e+00 -7.43301215e+01  1.26885909e+03  4.58286829e+03]
[-2.91475244e+00 -2.13234028e+02  1.26076102e+03  3.87828523e+03]
[-3.25094954e+00 -8.18929724e+01  1.24421973e+03  4.14554600e+03]
[-2.82624408e+00 -7.70328027e+01  1.32758940e+03  4.04030319e+03]
[-3.14116374e+00 -8.17607199e+01  1.26357548e+03  4.38955985e+03]
[-2.76474700e+00 -8.34640998e+01  1.26540133e+03  4.34667841e+03]
[-3.35607875e+00 -9.51499329e+01  1.15975776e+03  3.83737830e+03]
[-1.87690864e+00 -1.98878995e+02  1.28177674e+03  4.20280670e+03]
[-3.26865492e+00 -2.15986137e+02  1.08441261e+03  3.98145019e+03]
[-3.00038547e+00 -3.37150159e+02  1.24906049e+03  4.36098315e+03]
[-2.61259066e+00 -2.28057344e+02  1.21105535e+03  4.25223830e+03]
[-3.07484867e+00 -2.16700627e+02  1.08404141e+03  4.04857267e+03]
[-3.23181149e+00 -3.36955924e+02  1.24619390e+03  4.41530581e+03]
[-2.97853875e+00 -2.20343940e+02  1.10287651e+03  4.15528573e+03]
[-3.04389827e+00 -2.27701601e+02  1.20748158e+03  4.14962706e+03]
[-3.25520843e+00 -3.46594988e+02  1.23951256e+03  4.40522089e+03]
[-3.20644154e+00 -2.18274276e+02  1.08704433e+03  4.09460238e+03]
[-3.22561530e+00 -2.26217348e+02  1.20076147e+03  4.12435353e+03]
[-2.58991786e+00 -2.22155372e+02  1.07820672e+03  3.93728570e+03]
[-2.06197311e+00 -2.25071120e+02  1.20942199e+03  4.22913425e+03]
[-3.36555528e+00 -3.47580088e+02  1.24838358e+03  4.31122660e+03]
[-3.16312172e+00 -3.45724875e+02  1.34666951e+03  4.53469155e+03]
[-3.31068930e+00 -3.23597136e+02  1.33651667e+03  4.01622424e+03]
[-3.26439484e+00 -3.39381436e+02  1.25228301e+03  4.19362470e+03]
[-3.32756788e+00 -3.52538042e+02  1.23713333e+03  4.36138085e+03]
[-2.42414162e+00 -2.21643370e+02  1.17513571e+03  4.21823878e+03]
[-3.44902714e+00 -2.26603147e+02  1.19573457e+03  4.46812090e+03]
[-3.21279416e+00 -3.32783211e+02  1.24053998e+03  4.47593627e+03]
[-2.67681328e+00 -1.06036026e+02  1.27906947e+03  4.30058782e+03]
[-2.54936151e+00 -2.18616087e+02  1.20452505e+03  4.16788986e+03]
[-1.96727536e+00 -2.02846619e+02  1.15333356e+03  4.01540105e+03]
[-2.59016071e+00 -2.23458171e+02  1.18691146e+03  4.23188527e+03]
[-3.17151904e+00 -2.79661079e+02  1.03491431e+03  3.85691323e+03]
[-2.92984794e+00 -2.17671713e+02  1.08097752e+03  4.00639548e+03]
[-3.31107490e+00 -3.44099163e+02  1.24184861e+03  4.49360131e+03]
[-2.13741113e+00 -2.32689395e+02  1.20826174e+03  4.24648182e+03]
[-2.06684464e+00 -1.43435894e+02  1.29008271e+03  4.17994380e+03]
[-2.55378695e+00 -2.38082140e+02  1.47146825e+03  4.52280256e+03]
[-2.58262235e+00 -3.41575659e+02  1.16798147e+03  4.25128078e+03]
[-3.25714515e+00 -2.19018615e+02  1.07925503e+03  4.02913594e+03]
[-2.69632051e+00 -2.24486343e+02  1.18351726e+03  4.18905955e+03]
[-2.16814681e+00 -2.22876476e+02  1.20611838e+03  4.18082024e+03]
[-3.43408785e+00 -1.31771281e+02  9.79403955e+02  4.54265710e+03]
[-2.91984935e+00 -2.15781228e+02  1.19816720e+03  4.30447565e+03]
[-3.13673775e+00 -3.43773470e+02  1.26620721e+03  4.10467943e+03]
[-2.39683214e+00 -1.50614673e+02  1.28587260e+03  4.22607794e+03]
[-3.29544017e+00 -2.24724123e+02  1.07036180e+03  4.00207559e+03]
[-2.27581005e+00 -2.23118781e+02  1.22070026e+03  4.22837771e+03]
[-3.02569682e+00 -2.85637550e+02  1.03259761e+03  3.82150033e+03]
[-3.18959544e+00 -2.19725651e+02  1.07813018e+03  3.93536168e+03]
[-3.07316329e+00 -8.91676648e+01  1.37605483e+03  3.88544651e+03]
[-3.48512732e+00 -5.02061180e+02  1.01171223e+03  4.00773488e+03]
[-2.17227126e+00 -5.10130387e+02  1.18973594e+03  4.06284630e+03]
[-3.13949219e+00 -5.13793924e+02  1.24524658e+03  3.92892738e+03]
[-2.99698602e+00 -4.92108396e+02  1.38332017e+03  4.08941225e+03]
[-3.13655887e+00 -1.84790420e+02  1.39312650e+03  4.34572450e+03]
[-2.84763016e+00 -4.72642001e+02  1.11544616e+03  3.96405258e+03]
[-3.28805600e+00 -5.19663314e+02  1.09515246e+03  4.13309508e+03]
[-3.40866614e+00 -4.76577831e+02  1.15715102e+03  4.18207770e+03]
[-3.25801876e+00 -5.20351157e+02  1.02656079e+03  3.89495687e+03]
[-2.50125656e+00 -5.13979967e+02  1.09047335e+03  3.98878212e+03]
[-2.87578500e+00 -4.78921033e+02  1.08951554e+03  4.07305364e+03]
[-3.03803074e+00 -5.26157672e+02  1.09159476e+03  4.02108514e+03]
[-3.44113729e+00 -5.12228522e+02  1.01686472e+03  3.91506376e+03]
[-3.32038043e+00 -5.26991221e+02  1.02818088e+03  3.87437768e+03]
[-1.59661507e+00 -5.15943868e+02  1.10059053e+03  4.02263824e+03]
[-2.90099790e+00 -4.88555948e+02  1.18645985e+03  4.19947255e+03]
[-2.35165402e+00 -4.83769864e+02  1.12031661e+03  4.10254449e+03]
[-1.83389348e+00 -4.43342908e+02  1.08041004e+03  3.93742423e+03]
[-1.82697665e+00 -5.22420504e+02  1.10362721e+03  3.98795762e+03]
[-2.67817575e+00 -4.83295714e+02  1.20096696e+03  4.19358990e+03]
[-3.29137806e+00 -4.72111866e+02  9.97601357e+02  4.06936600e+03]
[-2.39701263e+00 -4.56003347e+02  1.11448870e+03  4.07575928e+03]
[-3.03277606e+00 -5.27312211e+02  1.08134792e+03  4.01657777e+03]
[-1.94339951e+00 -4.59701837e+02  1.12492970e+03  4.08055442e+03]
[-2.51148671e+00 -5.19121497e+02  1.19078290e+03  3.98279156e+03]
[-3.29105624e+00 -5.31881283e+02  1.04090206e+03  3.90289252e+03]
[-3.39039687e+00 -3.11672059e+02  1.30301535e+03  4.22497487e+03]
[-2.71456831e+00 -4.97240943e+02  1.11266739e+03  4.05264938e+03]
[-3.24520399e+00 -5.36712488e+02  1.00985983e+03  4.19493198e+03]
[-2.50586510e+00 -4.83002151e+02  1.12980911e+03  4.06522711e+03]
[-1.65549650e+00 -5.14372499e+02  1.18912024e+03  4.05725079e+03]
[-1.40888693e+00 -4.89837965e+02  1.13616214e+03  3.96651996e+03]
[-3.23326938e+00 -4.70153592e+02  1.07810708e+03  3.82150004e+03]
[-3.46941363e+00 -8.38788654e+02  9.64232764e+02  4.06297196e+03]
[-2.91812558e+00 -4.99137072e+02  1.19317666e+03  4.31019255e+03]
[-3.29674579e+00 -5.05274172e+02  1.19356989e+03  3.96426995e+03]
[-3.14242270e+00 -5.07776063e+02  1.18826018e+03  4.20983346e+03]
[-1.52424728e+00 -4.82307983e+02  1.18872375e+03  4.03920227e+03]
[-2.64476701e+00 -5.08719378e+02  1.19189948e+03  4.14844423e+03]
[-3.05875036e+00 -4.93075772e+02  1.23796009e+03  4.14448359e+03]
[-3.31168660e+00 -4.29267230e+02  1.17045431e+03  4.21845349e+03]
[-3.43614816e+00 -4.50922564e+02  9.91841881e+02  4.16493785e+03]
[-2.68620998e+00 -4.29408816e+02  1.17762364e+03  4.02658801e+03]
[-2.77520582e+00 -4.47035734e+02  1.17914611e+03  3.98766782e+03]
[-2.98792591e+00 -4.64585727e+02  9.74346607e+02  3.82149993e+03]
[-2.82623254e+00 -4.27649755e+02  1.00438170e+03  4.14921943e+03]
[-3.00670858e+00 -4.52728494e+02  1.05398222e+03  3.86851549e+03]
[-1.93552570e+00 -4.24211710e+02  1.12475828e+03  4.10473676e+03]
[-3.00176710e+00 -4.97516066e+02  1.19316051e+03  4.02320731e+03]
[-3.21960897e+00 -4.49607421e+02  1.05027482e+03  3.88273182e+03]
[-2.77267804e+00 -5.82983126e+02  1.08577984e+03  4.06220042e+03]
[-2.66937282e+00 -4.23342451e+02  1.00140194e+03  4.07589243e+03]
[-2.37028468e+00 -4.52838829e+02  1.11317977e+03  3.91946286e+03]
[-2.10450016e+00 -5.05839449e+02  9.77376429e+02  3.97258722e+03]
[-2.70080345e+00 -4.18638152e+02  1.15305154e+03  3.99413615e+03]
[-3.22818877e+00 -5.78714968e+02  1.08973535e+03  4.23791618e+03]
[-3.09730412e+00 -4.31384103e+02  1.14553408e+03  4.21629559e+03]
[-2.82949681e+00 -4.51272768e+02  1.04661275e+03  3.93347532e+03]
[-3.02826585e+00 -4.46068718e+02  1.02661444e+03  3.84190225e+03]
[-2.21610502e+00 -4.65006694e+02  1.05895605e+03  3.92353672e+03]
[-3.06362193e+00 -4.75493989e+02  1.06000487e+03  3.87972539e+03]
[-3.01190180e+00 -4.36414225e+02  1.13557101e+03  4.12923812e+03]
[-2.77848016e+00 -4.18447937e+02  1.14177743e+03  4.14500340e+03]
[-2.89733602e+00 -5.83795420e+02  1.08615793e+03  4.00632297e+03]
[-3.09935410e+00 -4.20682173e+02  1.09302041e+03  4.02152764e+03]
[-3.02253056e+00 -5.97912792e+02  1.06698332e+03  4.11599125e+03]
[-2.82674881e+00 -5.74869962e+02  1.08314083e+03  4.08494315e+03]
[-2.96749541e+00 -4.39946979e+02  1.00832776e+03  3.88366380e+03]
[-3.26603817e+00 -4.93997992e+02  1.19594324e+03  4.16050983e+03]
[-1.93148606e+00 -5.88960057e+02  1.08178066e+03  4.07523962e+03]
[-2.57229627e+00 -4.28201972e+02  1.16208596e+03  4.15588108e+03]
[-2.14365146e+00 -4.21282162e+02  1.14630865e+03  4.12580108e+03]
[-3.28283336e+00 -5.85805012e+02  1.08643682e+03  4.01956661e+03]
[-2.71140355e+00 -5.73418720e+02  1.07348814e+03  3.92004534e+03]
[-2.67460817e+00 -4.20986717e+02  1.15508415e+03  3.96520467e+03]
[-2.87784215e+00 -4.34088484e+02  1.07726138e+03  4.19112659e+03]
[-3.05498178e+00 -7.06935293e+02  1.10415973e+03  4.18509694e+03]
[-3.11986947e+00 -5.81260539e+02  1.08738647e+03  4.27317072e+03]
[-2.59595038e+00 -4.51981999e+02  1.13097158e+03  4.16110302e+03]
[-3.37897762e+00 -6.06378366e+02  9.70700824e+02  4.08664023e+03]
[-2.92259817e+00 -5.81520092e+02  1.08181987e+03  4.00941480e+03]
[-3.05367596e+00 -5.88194397e+02  1.08655712e+03  3.99778259e+03]
[-2.92700385e+00 -3.22369614e+02  1.84907178e+03  3.96766348e+03]
[-2.62260503e+00 -4.39504111e+02  1.10430060e+03  4.12410400e+03]
[-2.85910384e+00 -6.35532121e+02  1.07980876e+03  4.24433536e+03]
[-2.23442207e+00 -5.66632005e+02  1.06572392e+03  4.22153132e+03]
[-1.89419878e+00 -4.79137612e+02  9.90653956e+02  4.14251987e+03]
[-3.22688440e+00 -4.22751845e+02  1.16003550e+03  4.18201120e+03]
[-2.67293181e+00 -5.11560125e+02  9.73744208e+02  3.84726967e+03]
[-2.42152900e+00 -5.85778934e+02  1.09002909e+03  4.07990768e+03]
[-2.17408198e+00 -5.39781037e+02  1.12642279e+03  4.05646642e+03]
[-2.64144782e+00 -5.24713669e+02  1.12628090e+03  4.13762902e+03]
[-3.26515075e+00 -4.86468183e+02  1.04407818e+03  3.85688228e+03]
[-2.27841283e+00 -5.10460151e+02  1.12105665e+03  4.11112228e+03]
[-2.69951020e+00 -6.10793242e+02  1.30201789e+03  4.12496368e+03]
[-2.13542566e+00 -5.51335255e+02  1.13664654e+03  4.12206617e+03]
[-2.03766674e+00 -5.26889428e+02  1.12576481e+03  4.02804483e+03]
[-2.33647897e+00 -5.95238743e+02  1.16097138e+03  4.06940295e+03]
[-1.92601246e+00 -5.28866047e+02  1.12737610e+03  4.03425861e+03]
[-2.99470782e+00 -5.78631143e+02  9.33694526e+02  4.24934625e+03]
[-3.10337535e+00 -4.89853313e+02  1.04625290e+03  3.84749602e+03]
[-2.21029253e+00 -5.65842242e+02  1.14119364e+03  4.09545006e+03]
[-2.88239694e+00 -6.04403005e+02  9.87648152e+02  4.17779272e+03]
[-3.11969841e+00 -4.52857387e+02  1.12454833e+03  4.06475746e+03]
[-2.13880904e+00 -5.29927063e+02  1.12305509e+03  4.02258245e+03]
[-3.21450527e+00 -4.57399461e+02  1.06994963e+03  3.82149982e+03]
[-3.46090498e+00 -5.12974045e+02  1.24437830e+03  4.09905875e+03]
[-2.94804007e+00 -5.37160268e+02  1.12818280e+03  3.94234971e+03]
[-3.26714546e+00 -5.83608081e+02  1.41411868e+03  4.30638193e+03]
[-2.36029171e+00 -5.30349907e+02  1.12849102e+03  3.99757074e+03]
[-1.95159280e+00 -5.15628829e+02  1.12683625e+03  4.01578602e+03]
[-2.34642630e+00 -6.17519708e+02  1.22916606e+03  4.16927372e+03]
[-3.09971147e+00 -6.08693864e+02  1.17133478e+03  4.15373902e+03]
[-3.30662351e+00 -4.21503131e+02  1.02421027e+03  3.92436278e+03]
[-3.40793445e+00 -5.25829509e+02  1.24603769e+03  3.99892547e+03]
[-3.51544842e+00 -4.34422902e+02  1.23999721e+03  4.17544119e+03]
[-3.45972830e+00 -5.46330378e+02  1.13239717e+03  4.08967975e+03]
[-3.09142159e+00 -5.62241100e+02  1.50369638e+03  4.12115430e+03]
[-2.37962918e+00 -5.52927717e+02  1.14494115e+03  4.11121469e+03]
[-2.01071432e+00 -5.35377506e+02  1.12825457e+03  4.07731437e+03]
[-2.12008556e+00 -5.14094221e+02  1.12074662e+03  4.00388912e+03]
[-2.67213911e+00 -9.87286767e+02  1.68361724e+03  4.46339116e+03]
[-3.44714945e+00 -6.87571793e+02  1.35470813e+03  3.99420436e+03]
[-3.43260225e+00 -5.22812158e+02  1.12779633e+03  4.00465302e+03]
[-2.56522622e+00 -5.44856325e+02  1.13192805e+03  3.96007807e+03]
[-1.99336451e+00 -5.29007570e+02  1.12838010e+03  4.08490442e+03]
[-3.50809308e+00 -5.07283915e+02  1.24556060e+03  4.21623570e+03]
[-3.01807199e+00 -5.96541681e+02  1.15898579e+03  4.19169583e+03]
[-2.33877584e+00 -5.21212242e+02  1.06298885e+03  4.09713716e+03]
[-3.15609227e+00 -5.03189814e+02  1.04719827e+03  3.96211821e+03]
[-2.43290992e+00 -6.10615663e+02  1.31319369e+03  4.08632534e+03]
[-1.99503901e+00 -5.25274986e+02  1.12781386e+03  4.04696821e+03]
[-1.63105515e+00 -5.33774118e+02  1.12557755e+03  4.07555851e+03]
[-3.16639133e+00 -6.23677736e+02  1.28540990e+03  4.06441444e+03]
[-2.55200529e+00 -6.11374395e+02  9.96733618e+02  4.16907717e+03]
[-3.16964673e+00 -4.11313411e+02  1.03329342e+03  4.14787100e+03]
[-3.17623766e+00 -1.00044029e+03  2.20117037e+03  4.58357431e+03]
[-2.34781226e+00 -5.68883505e+02  1.13589907e+03  4.11631702e+03]
[-1.93373788e+00 -5.09037787e+02  1.12817384e+03  3.99321490e+03]
[-3.42951273e+00 -5.00215671e+02  1.37252744e+03  4.26581365e+03]
[-2.79123960e+00 -5.31700357e+02  1.11534607e+03  3.91102765e+03]
[-2.32655394e+00 -5.44048355e+02  1.12837631e+03  4.07117099e+03]
[-2.10799474e+00 -7.35933393e+02  1.12772464e+03  3.92295707e+03]
[-3.02487992e+00 -8.82675408e+02  1.19097353e+03  3.87963852e+03]
[-3.12265507e+00 -7.65587480e+02  9.63952880e+02  4.07323476e+03]
[-3.47107386e+00 -6.52601690e+02  1.34514403e+03  4.34341447e+03]
[-2.95243675e+00 -8.96003822e+02  1.09993062e+03  4.25708592e+03]
[-3.23535765e+00 -5.56079414e+02  1.19841452e+03  4.14447204e+03]
[-3.22514568e+00 -8.91181912e+02  1.06854081e+03  4.20771484e+03]
[-1.41559466e+00 -7.56847548e+02  1.18113139e+03  3.88214372e+03]
[-3.44040530e+00 -5.66418331e+02  1.94901553e+02  4.91332225e+03]
[-1.70163882e+00 -8.43940444e+02  1.37189238e+03  4.20285881e+03]
[-3.09977079e+00 -9.03206825e+02  1.10166124e+03  3.92398147e+03]
[-2.53803018e+00 -7.48057592e+02  1.18893870e+03  3.96500332e+03]
[-2.27402411e+00 -7.30304924e+02  1.16329762e+03  4.03375693e+03]
[-2.58367766e+00 -7.39972385e+02  1.16140990e+03  4.02729543e+03]
[-3.17866598e+00 -7.64314040e+02  1.24707693e+03  3.94338190e+03]
[-3.28840720e+00 -7.51594431e+02  1.24566471e+03  4.17509925e+03]
[-2.63844674e+00 -7.58278674e+02  1.14279351e+03  3.93637950e+03]
[-2.70610884e+00 -7.57177681e+02  1.11058398e+03  3.85905617e+03]
[-2.87600505e+00 -7.57333463e+02  1.13839195e+03  3.87972658e+03]
[-2.05951339e+00 -7.48401890e+02  1.09323344e+03  3.87953751e+03]
[-3.27556859e+00 -7.51245178e+02  1.06990409e+03  4.17252005e+03]
[-2.40823948e+00 -7.57266857e+02  1.12478334e+03  3.98974459e+03]
[-2.94103472e+00 -8.94993897e+02  1.09550536e+03  4.20182131e+03]
[-2.45404697e+00 -8.69768496e+02  1.18396625e+03  3.91579357e+03]
[-3.51544900e+00 -8.99003250e+02  1.15075664e+03  3.97380629e+03]
[-2.99452574e+00 -5.20660166e+02  1.42555197e+03  4.50810376e+03]
[-3.04106216e+00 -8.64971185e+02  1.18975239e+03  3.92667113e+03]
[-2.52678978e+00 -8.79222775e+02  1.19130057e+03  3.85420093e+03]
[-2.86112179e+00 -5.54490298e+02  1.15546476e+03  3.84170262e+03]
[-2.37668187e+00 -8.89433838e+02  1.07691207e+03  3.88357808e+03]
[-3.26653157e+00 -7.79530458e+02  1.21272662e+03  3.94595380e+03]
[-3.30278280e+00 -9.01433237e+02  1.12211354e+03  4.17888648e+03]
[-3.45871119e+00 -8.80353870e+02  1.31735338e+03  4.16974665e+03]
[-3.24194865e+00 -8.92699423e+02  1.18826627e+03  3.89248279e+03]
[-3.35318587e+00 -7.60892627e+02  1.21124404e+03  3.86661367e+03]
[-2.94678058e+00 -7.56718671e+02  1.15999951e+03  3.93516764e+03]
[-3.18472945e+00 -7.42786436e+02  9.87665509e+02  4.26318836e+03]
[-2.99407564e+00 -7.60335062e+02  1.16022690e+03  4.01579818e+03]
[-3.32664096e+00 -7.37161105e+02  1.11965061e+03  3.82150039e+03]
[-2.69771947e+00 -9.10282978e+02  1.11129577e+03  4.27866783e+03]
[-2.73648170e+00 -6.29099144e+02  1.02990017e+03  3.83435544e+03]
[-3.13709857e+00 -7.67776166e+02  1.13785265e+03  4.00254371e+03]
[-2.73054900e+00 -7.37870319e+02  1.08482569e+03  3.98450234e+03]
[-2.30149069e+00 -8.67824279e+02  1.19801400e+03  4.23965222e+03]
[-2.85149822e+00 -7.62575818e+02  1.14899612e+03  4.04876622e+03]
[-3.10453008e+00 -7.64735499e+02  1.08359843e+03  3.86078925e+03]
[-3.07213969e+00 -8.91181966e+02  1.07805265e+03  3.99167086e+03]
[-2.23841613e+00 -7.48369628e+02  1.11523109e+03  3.86344051e+03]
[-2.88270609e+00 -7.12883589e+02  1.16702807e+03  3.82150014e+03]
[-2.92864067e+00 -9.01655679e+02  9.60522899e+02  4.00936543e+03]
[-3.15944409e+00 -8.78131616e+02  1.19540423e+03  4.01103645e+03]
[-3.37114190e+00 -6.20186615e+02  1.10489074e+03  3.87951686e+03]
[-2.97215948e+00 -8.17910791e+02  1.07265887e+03  3.98651025e+03]
[-2.86466366e+00 -6.34405369e+02  1.11625912e+03  3.95123424e+03]
[-1.54473255e+00 -8.49640337e+02  1.23146548e+03  4.12989200e+03]
[-1.97786649e+00 -8.20321769e+02  1.05445409e+03  3.89910931e+03]
[-2.05701646e+00 -8.39223626e+02  1.15767292e+03  4.02634829e+03]
[-3.08168519e+00 -9.67878994e+02  9.85519746e+02  3.98192303e+03]
[-2.41636784e+00 -8.33238895e+02  1.11561024e+03  4.07072230e+03]
[-2.94412342e+00 -8.23745204e+02  1.07652920e+03  3.97479637e+03]
[-2.78527627e+00 -8.30770060e+02  1.12784893e+03  3.99198062e+03]
[-2.84971746e+00 -8.25599981e+02  1.08607300e+03  4.09418581e+03]
[-3.31522417e+00 -8.23861240e+02  1.10255244e+03  3.93342859e+03]
[-1.87787086e+00 -8.30895707e+02  1.11983095e+03  3.90454351e+03]
[-2.39440967e+00 -8.81078829e+02  1.06389468e+03  4.02938058e+03]
[-3.20516690e+00 -7.57963368e+02  9.74367519e+02  3.82149997e+03]
[-3.13712227e+00 -7.60997355e+02  1.00034373e+03  3.83900507e+03]
[-1.43239978e+00 -7.25983999e+02  1.09811082e+03  3.87102783e+03]
[-2.50555946e+00 -8.43585389e+02  1.33348231e+03  4.06150951e+03]
[-2.12268390e+00 -7.74400913e+02  9.94818557e+02  3.84662837e+03]
[-2.57311241e+00 -1.10557471e+03  1.04523345e+03  4.16606043e+03]
[-3.41540674e+00 -6.79882830e+02  9.72708927e+02  4.03792014e+03]
[-3.39268365e+00 -7.61323298e+02  9.96346603e+02  4.00252411e+03]
[-2.57826254e+00 -6.28749080e+02  1.03424553e+03  4.01554651e+03]
[-2.81473900e+00 -8.22283133e+02  1.11034108e+03  3.98244619e+03]
[-1.83804635e+00 -8.32437404e+02  1.09985978e+03  3.98852474e+03]
[-2.36901061e+00 -6.53042886e+02  1.23697194e+03  3.97409722e+03]
[-3.06969010e+00 -7.26925365e+02  1.10688488e+03  3.92907698e+03]
[-2.37132898e+00 -7.28288334e+02  1.24206813e+03  4.07542274e+03]
[-2.84824647e+00 -9.06722029e+02  9.66091516e+02  3.96750458e+03]
[-3.48551195e+00 -1.00320856e+03  9.73835559e+02  3.97971805e+03]
[-2.38362427e+00 -8.23275553e+02  1.10256718e+03  4.03895719e+03]
[-1.70113737e+00 -8.40178763e+02  1.11987803e+03  3.98908775e+03]
[-2.14801282e+00 -8.41300621e+02  1.09829807e+03  4.05673072e+03]
[-2.53716551e+00 -7.66029430e+02  1.27629509e+03  3.99249507e+03]
[-3.21859887e+00 -7.63392726e+02  9.94192893e+02  4.06021008e+03]
[-2.88604059e+00 -8.31484035e+02  1.21277073e+03  3.97248828e+03]
[-2.31028881e+00 -8.24710658e+02  1.08071841e+03  3.97171014e+03]
[-1.68772886e+00 -8.22886209e+02  1.12282959e+03  4.01942117e+03]
[-3.32763920e+00 -1.23582804e+03  7.44074320e+02  4.04229603e+03]
[-2.44723801e+00 -9.33863900e+02  9.11569484e+02  3.93323563e+03]
[-2.06102691e+00 -9.31409020e+02  9.36860628e+02  4.13457593e+03]
[-3.17148357e+00 -1.12852360e+03  7.66165038e+02  4.15235010e+03]
[-3.09663936e+00 -9.53752143e+02  9.16911103e+02  4.14822546e+03]
[-1.81469084e+00 -9.57295570e+02  9.18765206e+02  4.11029943e+03]
[-2.62427826e+00 -9.55241494e+02  8.26042392e+02  3.92291109e+03]
[-3.29359386e+00 -9.75063802e+02  8.31703009e+02  4.17260237e+03]
[-3.35345368e+00 -1.14794805e+03  8.99575533e+02  3.97254387e+03]
[-2.48616272e+00 -9.43042358e+02  1.00285492e+03  4.18659292e+03]
[-2.81494523e+00 -9.06287557e+02  1.08798904e+03  4.16141537e+03]
[-3.05805441e+00 -1.21954052e+03  7.02800501e+02  4.02655278e+03]
[-3.46330235e+00 -9.29675830e+02  1.01786880e+03  4.13100389e+03]
[-2.16360692e+00 -9.03112461e+02  1.04387248e+03  4.20184079e+03]
[-2.53639985e+00 -9.46930813e+02  9.62024946e+02  4.14395980e+03]
[-2.95132825e+00 -1.11412233e+03  8.02320031e+02  4.01989444e+03]
[-2.10280850e+00 -9.21693645e+02  9.26279303e+02  4.13236434e+03]
[-3.09996272e+00 -9.27962902e+02  6.68103814e+02  4.23001696e+03]
[-2.84864506e+00 -9.45364348e+02  8.56958603e+02  3.82150011e+03]
[-1.91249534e+00 -9.41128244e+02  9.69604857e+02  4.15664356e+03]
[-2.87943867e+00 -1.00515811e+03  1.21561189e+03  4.10264501e+03]
[-2.35826625e+00 -9.43050778e+02  9.15671517e+02  4.13885294e+03]
[-3.09525311e+00 -9.45455324e+02  8.88803694e+02  3.89119857e+03]
[-3.17122843e+00 -9.53283136e+02  1.01649177e+03  4.20810249e+03]
[-2.88727532e+00 -9.33149724e+02  9.48652925e+02  3.91211180e+03]
[-2.48402634e+00 -9.43642517e+02  1.00363537e+03  4.19884506e+03]
[-3.23401986e+00 -9.46717761e+02  8.39050681e+02  3.84336620e+03]
[-3.32424030e+00 -8.41739762e+02  8.99238968e+02  4.13998540e+03]
[-3.36434725e+00 -9.47079043e+02  8.36715792e+02  3.91139666e+03]
[-2.24654083e+00 -9.37845588e+02  9.30918637e+02  4.06892136e+03]
[-2.94408106e+00 -9.37075956e+02  9.64063932e+02  4.16751595e+03]
[-3.00443278e+00 -9.15714477e+02  1.06365766e+03  4.13817867e+03]
[-3.28972762e+00 -9.47417217e+02  8.41208561e+02  3.85143127e+03]
[-2.12515361e+00 -9.40242822e+02  9.38841207e+02  4.12558669e+03]
[-2.72065730e+00 -1.10484090e+03  8.05778131e+02  3.92484123e+03]
[-3.05924648e+00 -9.42161882e+02  8.95876882e+02  4.05042934e+03]
[-2.64234606e+00 -9.41543051e+02  8.95255680e+02  3.95456940e+03]
[-3.46656804e+00 -8.33220383e+02  8.95875834e+02  3.94252034e+03]
[-3.07769013e+00 -9.32835856e+02  9.03497598e+02  4.03519735e+03]
[-3.25421502e+00 -9.21061697e+02  1.04559663e+03  4.42850250e+03]
[-2.44033173e+00 -8.97828295e+02  1.01638573e+03  4.61439160e+03]
[-2.36367880e+00 -9.30712579e+02  1.09207203e+03  4.60178390e+03]
[-3.24051095e+00 -9.35202655e+02  1.09664784e+03  4.50823982e+03]
[-2.58578016e+00 -8.83694740e+02  9.60500254e+02  4.00391328e+03]
[-3.00029598e+00 -9.22967483e+02  1.03108065e+03  4.46371887e+03]
[-3.28638360e+00 -8.68697496e+02  9.31826774e+02  4.13849142e+03]
[-2.96016389e+00 -9.26621015e+02  1.05006214e+03  4.25584919e+03]
[-3.23467257e+00 -9.02697951e+02  1.02593792e+03  3.97248878e+03]
[-3.16121555e+00 -7.84094823e+02  1.02861835e+03  4.33532531e+03]
[-3.26369943e+00 -9.28982493e+02  1.05924862e+03  4.11222750e+03]
[-3.32793131e+00 -9.32814431e+02  1.08206700e+03  4.47276782e+03]
[-2.96467707e+00 -9.52777489e+02  1.17247757e+03  4.72608670e+03]
[-1.49956413e+00 -9.13749912e+02  1.05490389e+03  4.62570187e+03]
[-3.26068895e+00 -8.97256000e+02  1.22993422e+03  4.55803787e+03]
[-2.68900802e+00 -7.54558018e+02  9.47960002e+02  4.36440049e+03]
[-3.45991682e+00 -8.62205300e+02  8.93593461e+02  3.82149995e+03]
[-2.85033592e+00 -9.18454210e+02  1.04428797e+03  4.47258415e+03]
[-2.88517576e+00 -8.90378610e+02  9.52488449e+02  4.52291506e+03]
[-2.94807217e+00 -9.22388251e+02  1.09868730e+03  4.54283595e+03]
[-2.64479559e+00 -9.06846223e+02  1.03910976e+03  4.37576676e+03]
[-2.16594806e+00 -9.25876027e+02  1.08228421e+03  4.62379058e+03]
[-3.29337555e+00 -8.95061116e+02  1.01527894e+03  4.08984149e+03]
[-3.38143745e+00 -9.38892127e+02  1.09911358e+03  4.20874750e+03]
[-3.00433260e+00 -8.89151857e+02  1.01462506e+03  4.09212869e+03]
[-1.65454080e+00 -9.11000572e+02  1.09494490e+03  4.18793433e+03]
[-2.78746225e+00 -9.24611232e+02  1.04417836e+03  4.43171046e+03]
[-3.22689158e+00 -8.65851518e+02  9.37336293e+02  4.14776278e+03]
[-3.17827281e+00 -9.27779115e+02  1.03753269e+03  4.11671900e+03]
[-3.08883085e+00 -9.43041832e+02  1.22706539e+03  4.18274895e+03]
[-2.39559928e+00 -9.34076026e+02  1.06067405e+03  4.33418968e+03]
[-3.34175714e+00 -8.84650309e+02  9.64908110e+02  4.08548622e+03]
[-3.32865446e+00 -8.57631961e+02  9.19311410e+02  3.84290297e+03]
[-3.04273406e+00 -8.54077356e+02  9.22061373e+02  4.16621385e+03]
[-3.39980871e+00 -9.44488334e+02  1.08611374e+03  4.23112498e+03]
[-2.97401613e+00 -9.28355175e+02  1.05745791e+03  4.39308644e+03]
[-3.20638345e+00 -8.55072965e+02  9.20084743e+02  4.01672895e+03]
[-3.13429317e+00 -8.71378428e+02  9.38812826e+02  3.92295838e+03]
[-1.89491738e+00 -9.16888501e+02  1.03602681e+03  4.22973325e+03]
[-3.28458135e+00 -9.24748531e+02  1.10020708e+03  4.18199402e+03]
[-3.07048551e+00 -9.23230557e+02  1.04573244e+03  4.23712009e+03]
[-3.23551754e+00 -9.30792468e+02  1.04449092e+03  4.52267770e+03]
[-3.11628540e+00 -9.29979091e+02  1.10529791e+03  4.11148048e+03]
[-2.71471566e+00 -9.31768249e+02  1.08270810e+03  4.51617380e+03]
[-2.86682129e+00 -9.22059171e+02  1.03473184e+03  4.22641320e+03]
[-3.21447677e+00 -9.24955051e+02  1.09787374e+03  4.29814554e+03]
[-2.75102811e+00 -8.98504201e+02  1.01719816e+03  4.10387486e+03]
[-3.45658823e+00 -9.40111267e+02  1.17227606e+03  4.31851496e+03]
[-3.49879969e+00 -8.87255611e+02  1.29996453e+03  4.63215969e+03]
[-3.17097871e+00 -8.93156560e+02  1.00245167e+03  4.46090684e+03]
[-3.10370699e+00 -9.29190096e+02  1.05100042e+03  4.29689881e+03]
[-3.28804874e+00 -8.94270136e+02  1.15511018e+03  4.94313732e+03]
[-3.12340920e+00 -8.53045035e+02  9.18541035e+02  3.92128287e+03]
[-3.19896268e+00 -8.74667722e+02  9.47954629e+02  3.87965820e+03]
[-2.52407973e+00 -1.19201883e+03  1.05668564e+03  4.14029656e+03]
[-2.93670613e+00 -1.19574424e+03  9.91545960e+02  4.46303545e+03]
[-2.62734524e+00 -1.15844599e+03  9.10457434e+02  4.12822168e+03]
[-2.46263654e+00 -1.23898381e+03  8.90090864e+02  4.21286068e+03]
[-2.87251048e+00 -1.13067363e+03  8.23608057e+02  4.04542223e+03]
[-3.46560696e+00 -1.14188490e+03  7.90580233e+02  4.31879112e+03]
[-2.82635588e+00 -1.24154052e+03  8.95112525e+02  4.38021203e+03]
[-2.58149205e+00 -1.20546488e+03  1.00999682e+03  4.17837258e+03]
[-3.19046990e+00 -1.17857675e+03  7.82585280e+02  3.92379163e+03]
[-2.47906136e+00 -1.21760213e+03  9.56371023e+02  4.14308613e+03]
[-2.72395739e+00 -1.13222028e+03  8.70706441e+02  4.18745732e+03]
[-2.20072143e+00 -1.14250571e+03  9.14445586e+02  4.15824177e+03]
[-2.43670724e+00 -1.09316235e+03  9.87000789e+02  4.12845626e+03]
[-3.45159572e+00 -1.35965372e+03  1.18047522e+03  4.49380257e+03]
[-3.36658242e+00 -1.13482950e+03  8.07103974e+02  4.37150540e+03]
[-3.51544973e+00 -1.21069286e+03  7.90235058e+02  4.66501197e+03]
[-2.95287440e+00 -1.10388733e+03  9.83143474e+02  4.09313829e+03]
[-3.07778169e+00 -1.47473677e+03  9.31762685e+02  4.12342141e+03]
[-2.25139667e+00 -1.13547823e+03  8.14876926e+02  3.99351422e+03]
[-3.31883582e+00 -1.24159036e+03  9.05153922e+02  4.45846105e+03]
[-2.78336559e+00 -1.06696535e+03  7.67636443e+02  3.85264582e+03]
[-3.03974301e+00 -1.13888749e+03  8.37604487e+02  4.01643840e+03]
[-2.14875276e+00 -1.18365924e+03  1.05166422e+03  4.19403745e+03]
[-3.48663935e+00 -1.26608134e+03  7.95864417e+02  4.28430677e+03]
[-3.07551343e+00 -1.13267935e+03  8.13585458e+02  4.60935924e+03]
[-2.06213327e+00 -1.14412767e+03  8.99255096e+02  3.99844871e+03]
[-2.04895385e+00 -1.24117308e+03  9.25339752e+02  3.99864255e+03]
[-2.13516446e+00 -1.14174136e+03  8.87434773e+02  4.09381899e+03]
[-2.98779002e+00 -1.21331839e+03  9.50679043e+02  4.25447843e+03]
[-3.02589250e+00 -1.13253799e+03  8.80621567e+02  3.84357849e+03]
[-2.87299307e+00 -1.24709315e+03  8.98014501e+02  3.97695790e+03]
[-3.43512709e+00 -1.14876472e+03  7.89332018e+02  4.58858044e+03]
[-2.46256346e+00 -1.12250170e+03  9.87165093e+02  4.14588212e+03]
[-2.59184064e+00 -1.16273041e+03  9.59807249e+02  4.21072515e+03]
[-3.07813364e+00 -1.09147161e+03  9.83341094e+02  3.98257763e+03]
[-2.28525783e+00 -1.14301130e+03  8.82595570e+02  4.11565408e+03]
[-1.85967939e+00 -1.14953496e+03  9.07436446e+02  4.06905636e+03]
[-2.76626041e+00 -1.23256312e+03  9.17776227e+02  4.41720020e+03]
[-2.36461581e+00 -1.17081815e+03  1.05648171e+03  4.36234953e+03]
[-2.51124397e+00 -1.23637984e+03  9.02563692e+02  4.16210859e+03]
[-3.07163469e+00 -1.05719054e+03  7.57607637e+02  3.89539592e+03]
[-2.32556079e+00 -1.14633971e+03  9.01587792e+02  4.02455679e+03]
[-3.07779398e+00 -1.23439253e+03  8.92863411e+02  4.20573143e+03]
[-3.30940575e+00 -1.18446842e+03  1.03450308e+03  4.38700353e+03]
[-2.75540341e+00 -1.13127903e+03  1.22985936e+03  4.25999168e+03]
[-3.14264852e+00 -1.11761812e+03  8.03229701e+02  3.82150032e+03]
[-2.73017429e+00 -1.16365891e+03  1.00429587e+03  4.17768120e+03]
[-2.86095437e+00 -1.21289902e+03  9.77176712e+02  4.49297975e+03]
[-2.65522047e+00 -1.38239487e+03  9.80637699e+02  4.38622838e+03]
[-3.25662431e+00 -1.16494906e+03  7.77420006e+02  3.87826695e+03]
[-2.23691646e+00 -1.19294757e+03  1.06458201e+03  4.38051230e+03]
[-2.34244232e+00 -1.17448857e+03  1.03433568e+03  4.42198028e+03]
[-2.32009263e+00 -1.15264492e+03  9.02928359e+02  4.15670970e+03]
[-2.15633256e+00 -1.21887172e+03  1.06251695e+03  4.35633864e+03]
[-2.76568853e+00 -1.09921619e+03  1.00584065e+03  4.25655467e+03]
[-2.90434387e+00 -1.18801867e+03  1.06806521e+03  4.21326975e+03]
[-3.19023961e+00 -1.08697398e+03  6.41118038e+02  4.25874700e+03]
[-2.17674972e+00 -1.15624448e+03  9.57660013e+02  4.08432016e+03]
[-1.98270992e+00 -1.24196049e+03  8.95673320e+02  4.23750365e+03]
[-1.96614658e+00 -1.13661608e+03  8.75276754e+02  4.02207135e+03]
[-3.02394450e+00 -1.18254727e+03  7.73730916e+02  3.95029301e+03]
[-2.71868781e+00 -1.11086221e+03  9.81273323e+02  4.14919416e+03]
[-3.01482966e+00 -1.23982400e+03  8.99606843e+02  4.26277028e+03]
[-2.93425599e+00 -1.19360068e+03  7.78950951e+02  3.97568305e+03]
[-2.27253338e+00 -1.23848014e+03  8.97999154e+02  4.07885837e+03]
[-2.87406770e+00 -1.20003692e+03  6.93767063e+02  4.33744015e+03]
[-2.73303822e+00 -1.20108241e+03  6.77495435e+02  4.13944635e+03]
[-3.19364235e+00 -1.24684782e+03  9.29103846e+02  4.26010222e+03]
[-2.00268698e+00 -1.20686395e+03  7.24492438e+02  3.94237554e+03]
[-3.08062637e+00 -1.12786014e+03  7.22884473e+02  3.86739576e+03]
[-2.82282162e+00 -1.19404932e+03  7.15877149e+02  3.84105441e+03]
[-1.98461761e+00 -1.24794289e+03  9.32138843e+02  4.43961385e+03]
[-3.01812128e+00 -1.24256715e+03  8.16656799e+02  4.19613342e+03]
[-2.78401084e+00 -1.19259519e+03  6.66495137e+02  4.26579888e+03]
[-2.90265594e+00 -1.18904177e+03  6.71037198e+02  4.20829806e+03]
[-2.92926683e+00 -1.25779810e+03  9.32183986e+02  4.42332826e+03]
[-3.30371505e+00 -1.13312674e+03  7.28014958e+02  3.82149984e+03]
[-3.39876771e+00 -1.23270653e+03  8.39522528e+02  4.34777225e+03]
[-2.94657982e+00 -1.02077179e+03  7.30668209e+02  3.97585462e+03]
[-2.96353351e+00 -1.23838955e+03  8.23709267e+02  4.27548820e+03]
[-1.74919422e+00 -1.12691552e+03  7.88685414e+02  3.99033631e+03]
[-2.92340112e+00 -1.23308146e+03  8.24092626e+02  4.28017984e+03]
[-3.05636859e+00 -1.24275068e+03  8.15589072e+02  4.31316255e+03]
[-2.84206342e+00 -1.20720414e+03  8.56164266e+02  4.33378814e+03]
[-3.23047246e+00 -1.22973889e+03  8.23470010e+02  4.09080429e+03]
[-3.40584640e+00 -1.22436896e+03  8.30352538e+02  4.25320930e+03]
[-3.36313140e+00 -1.19589492e+03  6.79862519e+02  4.08832819e+03]
[-1.73839863e+00 -1.20375036e+03  7.30083339e+02  4.02520146e+03]
[-1.73011696e+00 -1.03749452e+03  7.91939258e+02  3.97814538e+03]
[-2.65317929e+00 -1.23050468e+03  7.03321530e+02  4.01918143e+03]
[-3.06586720e+00 -1.21743607e+03  6.99103797e+02  4.10199386e+03]
[-2.54899129e+00 -1.12560068e+03  7.28123154e+02  3.93034560e+03]
[-3.05236645e+00 -1.21092591e+03  6.93089145e+02  4.25101944e+03]
[-2.84229631e+00 -1.30998259e+03  5.91278994e+02  4.43095296e+03]
[-2.29216317e+00 -1.22246462e+03  7.15558576e+02  4.02119639e+03]
[-1.73626715e+00 -1.13047437e+03  7.92403250e+02  3.98957294e+03]
[-3.05979859e+00 -1.12579204e+03  7.68189489e+02  3.87252314e+03]
[-2.52493662e+00 -1.12241152e+03  7.22529065e+02  3.94044867e+03]
[-3.22923322e+00 -1.07266681e+03  6.39770529e+02  4.04907638e+03]
[-3.29746269e+00 -1.23534960e+03  8.21057990e+02  4.16490532e+03]
[-2.87317916e+00 -1.23412276e+03  8.25807431e+02  4.26040520e+03]
[-2.81495743e+00 -1.23702710e+03  8.21635037e+02  4.22792959e+03]
[-2.93478170e+00 -1.22650482e+03  8.31743232e+02  4.46028650e+03]
[-2.01103981e+00 -1.19658895e+03  6.95301478e+02  3.88291112e+03]
[-2.32048999e+00 -1.20967792e+03  6.83311587e+02  3.94536472e+03]
[-3.06067121e+00 -1.24768572e+03  8.19571742e+02  3.95269441e+03]
[-2.25271310e+00 -1.12248122e+03  7.87405811e+02  3.93492776e+03]
[-3.41010199e+00 -1.12484990e+03  7.28818022e+02  3.88796270e+03]
[-2.62388220e+00 -1.19100768e+03  6.73129330e+02  4.15866266e+03]
[-3.09741724e+00 -1.20987548e+03  6.91934310e+02  4.31931720e+03]
[-2.80645284e+00 -1.13631803e+03  7.19899883e+02  4.16145523e+03]
[-3.38978801e+00 -1.55074894e+03  7.23428726e+02  4.27926285e+03]
[-3.08373906e+00 -1.22707565e+03  8.33486329e+02  4.29493592e+03]
[-2.54549750e+00 -1.14008231e+03  6.88404490e+02  3.94530116e+03]
[-2.65082536e+00 -1.03155424e+03  7.59587941e+02  3.99154586e+03]
[-3.03109964e+00 -1.24716854e+03  8.09626523e+02  4.47645692e+03]
[-2.54512556e+00 -1.19970378e+03  6.99056568e+02  4.11599423e+03]
[-3.17805779e+00 -1.12822151e+03  7.25872586e+02  3.85980185e+03]
[-2.88951172e+00 -1.13013204e+03  7.32634115e+02  3.86209297e+03]
[-2.75253295e+00 -1.02549499e+03  7.40989302e+02  3.91395841e+03]
[-3.23618716e+00 -1.02299535e+03  7.41552880e+02  3.92215636e+03]
[-3.05241791e+00 -1.19745020e+03  6.75982264e+02  4.28543137e+03]
[-3.22955818e+00 -9.94939074e+02  8.13239344e+02  4.26330407e+03]
[-2.06551080e+00 -1.21132119e+03  7.29247937e+02  4.00557406e+03]
[-2.67496204e+00 -1.41872085e+03  4.80843806e+02  4.05939918e+03]
[-3.44784620e+00 -1.97846857e+03  8.18253336e+02  4.82302863e+03]
[-3.51544962e+00 -1.10001618e+03  5.51849784e+02  4.01021117e+03]
[-2.52668316e+00 -1.41752810e+03  4.83790098e+02  4.04787863e+03]
[-2.33689167e+00 -1.40770528e+03  4.99314398e+02  3.99470744e+03]
[-3.05534408e+00 -1.24788617e+03  4.48104348e+02  4.09001722e+03]
[-3.18515351e+00 -1.41381310e+03  4.72196057e+02  3.97108991e+03]
[-2.14180893e+00 -1.25995893e+03  5.03836376e+02  4.06298305e+03]
[-3.28690680e+00 -1.24745882e+03  4.22986156e+02  3.82149990e+03]
[-2.70948497e+00 -1.33343340e+03  4.14875074e+02  4.05757778e+03]
[-3.19923892e+00 -1.35507048e+03  3.17044618e+02  3.96221113e+03]
[-2.67963293e+00 -1.41895137e+03  4.78687951e+02  4.03982347e+03]
[-2.54289459e+00 -1.35173845e+03  4.05820168e+02  4.03229980e+03]
[-1.85088284e+00 -1.32375755e+03  3.91002510e+02  4.03107153e+03]
[-3.07344343e+00 -1.23484908e+03  4.41075187e+02  3.85616157e+03]
[-3.42558208e+00 -1.33763294e+03  3.22010902e+02  4.28274662e+03]
[-2.71412921e+00 -1.40780175e+03  4.85010610e+02  4.10599754e+03]
[-1.96621398e+00 -1.29098400e+03  3.76424339e+02  3.98571269e+03]
[-2.67600218e+00 -1.12353875e+03  3.83587492e+02  4.02074531e+03]
[-3.33237355e+00 -1.52093888e+03  3.86630364e+02  4.67424163e+03]
[-3.22567689e+00 -1.22335178e+03  3.87261313e+02  3.84074697e+03]
[-2.69420014e+00 -1.26205903e+03  4.99126115e+02  4.12827341e+03]
[-3.09537774e+00 -1.36828969e+03  4.10726188e+02  3.92358761e+03]
[-2.98746416e+00 -1.38420365e+03  3.05519607e+02  4.16186398e+03]
[-2.29625780e+00 -1.25897583e+03  4.34855417e+02  4.16263809e+03]
[-2.26338939e+00 -1.26224198e+03  4.99159782e+02  4.24069277e+03]
[-2.97610354e+00 -1.22589640e+03  4.54285647e+02  4.02711162e+03]
[-2.51293666e+00 -1.28375776e+03  3.62543660e+02  4.01116106e+03]
[-1.89470660e+00 -1.34481076e+03  4.28274407e+02  4.15410253e+03]
[-2.45794890e+00 -1.26451331e+03  4.83995678e+02  4.03317798e+03]
[-2.84362674e+00 -1.16177307e+03  3.89301523e+02  3.84359650e+03]
[-3.09261948e+00 -1.83797095e+03  6.74838850e+02  4.72452162e+03]
[-2.84284852e+00 -1.01926383e+03  3.55245710e+02  4.04547572e+03]
[-2.15834786e+00 -1.36740984e+03  4.11651250e+02  4.03007514e+03]
[-2.10867817e+00 -1.39660142e+03  4.29719607e+02  3.95266287e+03]
[-2.77762562e+00 -1.26444571e+03  5.05725183e+02  4.14551272e+03]
[-3.23687844e+00 -1.16526813e+03  4.14069042e+02  3.92581879e+03]
[-3.21865004e+00 -1.27870671e+03  5.07963608e+02  3.99305979e+03]
[-3.21706261e+00 -1.28147321e+03  3.56375782e+02  3.89799217e+03]
[-3.12624465e+00 -9.79405594e+02  3.40305538e+02  3.97784307e+03]
[-3.17785552e+00 -1.81019361e+03  7.72265493e+02  4.54930365e+03]
[-3.13956773e+00 -1.00276601e+03  1.10193366e+02  4.17327033e+03]
[-3.19292671e+00 -1.33560209e+03  2.32835227e+02  4.48058104e+03]
[-2.51298989e+00 -1.22150419e+03  1.81721261e+02  4.05098618e+03]
[-3.24364332e+00 -1.31952742e+03  1.05010697e+02  4.26251640e+03]
[-2.74281856e+00 -1.31657973e+03  1.03042692e+02  4.02921669e+03]
[-2.82809374e+00 -1.24877264e+03  1.54430259e+01  3.92544010e+03]
[-2.04733600e+00 -1.21780002e+03  1.07273413e+02  3.95219571e+03]
[-2.98439542e+00 -1.06959352e+03  2.87782411e+01  4.46349846e+03]
[-3.40440607e+00 -1.58301426e+03  2.94537672e+02  3.98660798e+03]
[-3.16585791e+00 -1.30617048e+03  1.14726713e+02  4.19364351e+03]
[-3.23440911e+00 -1.34543778e+03  4.56691502e+01  4.42756114e+03]
[-2.06414953e+00 -1.40622766e+03  1.56179395e+01  4.04035215e+03]
[-3.20114469e+00 -1.32493481e+03  9.59121300e+01  4.41591988e+03]
[-2.36183898e+00 -1.25275300e+03  2.90545213e+01  3.90951219e+03]
[-2.80936177e+00 -1.22642458e+03  1.07219885e+01  3.93053982e+03]
[-2.79070384e+00 -1.44067413e+03  1.66614358e+02  4.09172120e+03]
[-2.50809674e+00 -1.24010900e+03  1.37222634e+01  3.87211599e+03]
[-3.28116432e+00 -1.32705401e+03  9.84177065e+01  4.14569768e+03]
[-2.26525576e+00 -1.28435584e+03  1.01475950e+02  4.08316501e+03]
[-3.12622226e+00 -1.35736418e+03  2.23613092e+01  4.34472268e+03]
[-2.89926462e+00 -1.23391124e+03  5.94293310e+00  4.06315087e+03]
[-3.46311022e+00 -1.35463962e+03  2.78180599e+01  4.38996944e+03]
[-2.98491627e+00 -1.23931585e+03  1.28608479e+01  3.93797717e+03]
[-2.57364186e+00 -1.43763252e+03  1.67339252e+02  4.29652666e+03]
[-3.23430299e+00 -1.22182830e+03  1.84022099e+02  4.00471339e+03]
[-2.58478271e+00 -1.36501757e+03  3.24203232e+01  4.55700720e+03]
[-2.43344543e+00 -1.43919949e+03  1.65738917e+02  4.34657056e+03]
[-2.98626176e+00 -1.44169886e+03  1.66687655e+02  4.08394582e+03]
[-1.90977658e+00 -1.23057201e+03  1.36061415e+01  3.94955694e+03]
[-3.27528896e+00 -1.67912752e+03  2.14281814e+02  4.56892683e+03]
[-3.09937019e+00 -1.27730883e+03  9.56485922e+01  3.97750052e+03]
[-1.87551561e+00 -1.35758457e+03  2.22760388e+01  3.91648765e+03]
[-3.34259556e+00 -1.66584476e+03  2.67971802e+02  4.31024777e+03]
[-2.87310680e+00 -1.41469972e+03  2.23177723e+01  4.19040252e+03]
[-3.06175023e+00 -1.33091076e+03  6.67940617e+01  4.42020646e+03]
[-2.96289240e+00 -1.41005457e+03  2.63802352e+01  4.52427110e+03]
[-3.14872405e+00 -1.44330955e+03  1.67018930e+02  4.30755270e+03]
[-3.06078024e+00 -1.41520974e+03  3.27634913e+01  4.36984795e+03]
[-2.90649335e+00 -1.50128028e+03  2.91878636e+02  4.22531544e+03]
[-2.95447074e+00 -1.39224854e+03  3.14168872e+01  4.46946402e+03]
[-2.88887348e+00 -1.39924876e+03  2.82857904e+01  4.40418869e+03]
[-3.13718602e+00 -1.40428117e+03  3.25049408e+01  4.53952173e+03]
[-2.84076864e+00 -1.26307827e+03  3.79640248e+01  3.89673453e+03]
[-2.74987200e+00 -1.29067842e+03  1.07643878e+02  3.97977397e+03]
[-2.72456824e+00 -1.34602684e+03  3.47972416e+01  3.99432893e+03]
[-3.26389098e+00 -1.32222236e+03  1.07732090e+02  4.28396161e+03]
[-2.78900312e+00 -1.29864060e+03  9.82517869e+01  4.13821216e+03]
[-2.99622978e+00 -1.31601463e+03  9.63520117e+01  4.20361608e+03]
[-3.00431794e+00 -1.23759317e+03  2.67111707e+01  3.90815257e+03]
