[ 1.       15.567589]
[ 1.       15.567589]
[ 1.       15.567589]
[ 1.       15.567589]
[ 1.       15.567589]
[ 1.       15.567589]
[ 1.       15.567589]
[ 1.       15.567589]
[ 1.       15.567589]
[ 1.       15.567589]
[ 1.       15.567589]
[ 1.       15.567589]
[ 1.       15.567589]
[ 1.       15.567589]
[ 1.       15.567589]
[ 1.       15.567589]
[ 1.       15.567589]
[ 1.       15.567589]
[ 1.       15.567589]
[ 1.       15.567589]
[ 1.       15.567589]
[ 1.       15.567589]
[ 1.       15.567589]
[ 1.       15.567589]
[ 1.       15.567589]
[ 1.       15.567589]
[ 1.       15.567589]
[ 1.       15.567589]
[ 1.       15.567589]
[ 1.       15.567589]
[ 1.       15.567589]
[ 1.       15.567589]
[ 1.       15.567589]
[ 1.       15.567589]
[ 1.       15.567589]
[ 1.       15.567589]
[ 1.       15.567589]
[ 1.       15.567589]
[ 1.       15.567589]
[ 1.       15.567589]
[ 1.       15.567589]
[ 1.       15.641046]
[ 1.       15.641046]
[ 1.       15.641046]
[ 1.       15.641046]
[ 1.       15.641046]
[ 1.       15.641046]
[ 1.       15.641046]
[ 1.       15.641046]
[ 1.       15.641046]
[ 1.       15.641046]
[ 1.       15.641046]
[ 1.       15.641046]
[ 1.       15.641046]
[ 1.       15.641046]
[ 1.       15.641046]
[ 1.       15.641046]
[ 1.       15.641046]
[ 1.       15.641046]
[ 1.       15.641046]
[ 1.       15.641046]
[ 1.       15.641046]
[ 1.       15.641046]
[ 1.       15.641046]
[ 1.       15.641046]
[ 1.       15.641046]
[ 1.       15.641046]
[ 1.       15.641046]
[ 1.       15.641046]
[ 1.       15.641046]
[ 1.       15.641046]
[ 1.       15.641046]
[ 1.       15.641046]
[ 1.       15.641046]
[ 1.       15.641046]
[ 1.       15.641046]
[ 1.       15.641046]
[ 1.       15.641046]
[ 1.       15.641046]
[ 1.       15.641046]
[ 1.       15.641046]
[ 1.       15.641046]
[ 1.       15.641046]
[ 1.       15.641046]
[ 1.       15.641046]
[ 1.       15.641046]
[ 1.       15.641046]
[ 1.       15.641046]
[ 1.       15.641046]
[ 1.       15.641046]
[ 1.       15.641046]
[ 1.       15.641046]
[ 1.       15.641046]
[ 1.       15.641046]
[ 1.       15.641046]
[ 1.       15.641046]
[ 1.       15.641046]
[ 1.       15.641046]
[ 1.       15.787959]
[ 1.       15.787959]
[ 1.       15.787959]
[ 1.       15.787959]
[ 1.       15.787959]
[ 1.       15.787959]
[ 1.       15.787959]
[ 1.       15.787959]
[ 1.       15.787959]
[ 1.       15.787959]
[ 1.       15.787959]
[ 1.       15.787959]
[ 1.       15.787959]
[ 1.       15.787959]
[ 1.       15.787959]
[ 1.       15.787959]
[ 1.       15.787959]
[ 1.       15.787959]
[ 1.       15.787959]
[ 1.       15.787959]
[ 1.       15.787959]
[ 1.       15.787959]
[ 1.       15.787959]
[ 1.       15.787959]
[ 1.       15.787959]
[ 1.       15.787959]
[ 1.       15.787959]
[ 1.       15.787959]
[ 1.       15.787959]
[ 1.       15.787959]
[ 1.       15.787959]
[ 1.       15.787959]
[ 1.       15.787959]
[ 1.       15.787959]
[ 1.       15.787959]
[ 1.       15.787959]
[ 1.       15.787959]
[ 1.       15.787959]
[ 1.       15.787959]
[ 1.       15.787959]
[ 1.       15.787959]
[ 1.       15.787959]
[ 1.       15.787959]
[ 1.       15.787959]
[ 1.       15.787959]
[ 1.       15.787959]
[ 1.       15.787959]
[ 1.       15.787959]
[ 1.       15.787959]
[ 1.       15.787959]
[ 1.       15.787959]
[ 1.       15.787959]
[ 1.       15.787959]
[ 1.       15.787959]
[ 1.       15.787959]
[ 1.       15.787959]
[ 1.       15.787959]
[ 1.       15.787959]
[ 1.       15.861416]
[ 1.       15.861416]
[ 1.       15.861416]
[ 1.       15.861416]
[ 1.       15.861416]
[ 1.       15.861416]
[ 1.       15.861416]
[ 1.       15.861416]
[ 1.       15.861416]
[ 1.       15.861416]
[ 1.       15.861416]
[ 1.       15.861416]
[ 1.       15.861416]
[ 1.       15.861416]
[ 1.       15.861416]
[ 1.       15.861416]
[ 1.       15.861416]
[ 1.       15.861416]
[ 1.       15.861416]
[ 1.       15.861416]
[ 1.       15.861416]
[ 1.       15.861416]
[ 1.       15.861416]
[ 1.       15.861416]
[ 1.       15.861416]
[ 1.       15.861416]
[ 1.       15.861416]
[ 1.       15.861416]
[ 1.       15.861416]
[ 1.       15.861416]
[ 1.       15.861416]
[ 1.       15.861416]
[ 1.       15.861416]
[ 1.       15.861416]
[ 1.       15.861416]
[ 1.       15.861416]
[ 1.       15.861416]
[ 1.       15.861416]
[ 1.       15.861416]
[ 1.       15.861416]
[ 1.       15.861416]
[ 1.       15.861416]
[ 1.      16.00833]
[ 1.      16.00833]
[ 1.      16.00833]
[ 1.      16.00833]
[ 1.      16.00833]
[ 1.      16.00833]
[ 1.      16.00833]
[ 1.      16.00833]
[ 1.      16.00833]
[ 1.      16.00833]
[ 1.      16.00833]
[ 1.      16.00833]
[ 1.      16.00833]
[ 1.      16.00833]
[ 1.      16.00833]
[ 1.      16.00833]
[ 1.      16.00833]
[ 1.      16.00833]
[ 1.      16.00833]
[ 1.      16.00833]
[ 1.      16.00833]
[ 1.      16.00833]
[ 1.      16.00833]
[ 1.      16.00833]
[ 1.      16.00833]
[ 1.      16.00833]
[ 1.      16.00833]
[ 1.      16.00833]
[ 1.      16.00833]
[ 1.      16.00833]
[ 1.      16.00833]
[ 1.      16.00833]
[ 1.      16.00833]
[ 1.      16.00833]
[ 1.      16.00833]
[ 1.      16.00833]
[ 1.      16.00833]
[ 1.      16.00833]
[ 1.      16.00833]
[ 1.      16.00833]
[ 1.      16.00833]
[ 1.      16.00833]
[ 1.      16.00833]
[ 1.      16.00833]
[ 1.      16.00833]
[ 1.      16.00833]
[ 1.      16.00833]
[ 1.      16.00833]
[ 1.      16.00833]
[ 1.      16.00833]
[ 1.      16.00833]
[ 1.      16.00833]
[ 1.      16.00833]
[ 1.      16.00833]
[ 1.      16.00833]
[ 1.      16.00833]
[ 1.       16.081787]
[ 1.       16.081787]
[ 1.       16.081787]
[ 1.       16.081787]
[ 1.       16.081787]
[ 1.       16.081787]
[ 1.       16.081787]
[ 1.       16.081787]
[ 1.       16.081787]
[ 1.       16.081787]
[ 1.       16.081787]
[ 1.       16.081787]
[ 1.       16.081787]
[ 1.       16.081787]
[ 1.       16.081787]
[ 1.       16.081787]
[ 1.       16.081787]
[ 1.       16.081787]
[ 1.       16.081787]
[ 1.       16.081787]
[ 1.       16.081787]
[ 1.       16.081787]
[ 1.       16.081787]
[ 1.       16.081787]
[ 1.       16.081787]
[ 1.       16.081787]
[ 1.       16.081787]
[ 1.       16.081787]
[ 1.       16.081787]
[ 1.       16.081787]
[ 1.       16.081787]
[ 1.       16.081787]
[ 1.       16.081787]
[ 1.       16.081787]
[ 1.       16.081787]
[ 1.       16.081787]
[ 1.       16.081787]
[ 1.       16.081787]
[ 1.       16.081787]
[ 1.       16.081787]
[ 1.       16.081787]
[ 1.       16.081787]
[ 1.       16.081787]
[ 1.       16.081787]
[ 1.       16.081787]
[ 1.       16.081787]
[ 1.       16.155243]
[ 1.       16.155243]
[ 1.       16.155243]
[ 1.       16.155243]
[ 1.       16.155243]
[ 1.       16.155243]
[ 1.       16.155243]
[ 1.       16.155243]
[ 1.       16.155243]
[ 1.       16.155243]
[ 1.       16.155243]
[ 1.       16.155243]
[ 1.       16.155243]
[ 1.       16.155243]
[ 1.       16.155243]
[ 1.       16.155243]
[ 1.       16.155243]
[ 1.       16.155243]
[ 1.       16.155243]
[ 1.       16.155243]
[ 1.       16.155243]
[ 1.       16.155243]
[ 1.       16.155243]
[ 1.       16.155243]
[ 1.       16.155243]
[ 1.       16.155243]
[ 1.       16.155243]
[ 1.       16.155243]
[ 1.       16.155243]
[ 1.       16.155243]
[ 1.       16.155243]
[ 1.       16.155243]
[ 1.       16.155243]
[ 1.       16.155243]
[ 1.       16.155243]
[ 1.       16.155243]
[ 1.       16.155243]
[ 1.       16.155243]
[ 1.       16.155243]
[ 1.       16.155243]
[ 1.       16.155243]
[ 1.       16.155243]
[ 1.       16.155243]
[ 1.       16.155243]
[ 1.       16.155243]
[ 1.       16.155243]
[ 1.       16.155243]
[ 1.       16.155243]
[ 1.       16.155243]
[ 1.       16.155243]
[ 1.       16.155243]
[ 1.       16.375614]
[ 1.       16.375614]
[ 1.       16.375614]
[ 1.       16.375614]
[ 1.       16.375614]
[ 1.       16.375614]
[ 1.       16.375614]
[ 1.       16.375614]
[ 1.       16.375614]
[ 1.       16.375614]
[ 1.       16.375614]
[ 1.       16.375614]
[ 1.       16.375614]
[ 1.       16.375614]
[ 1.       16.375614]
[ 1.       16.375614]
[ 1.       16.375614]
[ 1.       16.375614]
[ 1.       16.375614]
[ 1.       16.375614]
[ 1.       16.375614]
[ 1.       16.375614]
[ 1.       16.375614]
[ 1.       16.375614]
[ 1.       16.375614]
[ 1.       16.375614]
[ 1.       16.375614]
[ 1.       16.375614]
[ 1.       16.375614]
[ 1.       16.375614]
[ 1.       16.375614]
[ 1.       16.375614]
[ 1.       16.375614]
[ 1.       16.375614]
[ 1.       16.375614]
[ 1.       16.375614]
[ 1.       16.375614]
[ 1.       16.375614]
[ 1.       16.375614]
[ 1.       16.375614]
[ 1.      16.44907]
[ 1.      16.44907]
[ 1.      16.44907]
[ 1.      16.44907]
[ 1.      16.44907]
[ 1.      16.44907]
[ 1.      16.44907]
[ 1.      16.44907]
[ 1.      16.44907]
[ 1.      16.44907]
[ 1.      16.44907]
[ 1.      16.44907]
[ 1.      16.44907]
[ 1.      16.44907]
[ 1.      16.44907]
[ 1.      16.44907]
[ 1.      16.44907]
[ 1.      16.44907]
[ 1.      16.44907]
[ 1.      16.44907]
[ 1.      16.44907]
[ 1.      16.44907]
[ 1.      16.44907]
[ 1.      16.44907]
[ 1.      16.44907]
[ 1.      16.44907]
[ 1.      16.44907]
[ 1.      16.44907]
[ 1.      16.44907]
[ 1.      16.44907]
[ 1.      16.44907]
[ 1.      16.44907]
[ 1.      16.44907]
[ 1.      16.44907]
[ 1.      16.44907]
[ 1.      16.44907]
[ 1.      16.44907]
[ 1.      16.44907]
[ 1.      16.44907]
[ 1.      16.44907]
[ 1.      16.44907]
[ 1.      16.44907]
[ 1.      16.44907]
[ 1.      16.44907]
[ 1.      16.44907]
[ 1.      16.44907]
[ 1.      16.44907]
[ 1.      16.44907]
[ 1.      16.44907]
[ 1.      16.44907]
[ 1.      16.44907]
[ 1.      16.44907]
[ 1.      16.44907]
[ 1.      16.44907]
[ 1.      16.44907]
[ 1.      16.44907]
[ 1.      16.44907]
[ 1.      16.44907]
[ 1.      16.44907]
[ 1.      16.44907]
[ 1.      16.44907]
[ 1.      16.44907]
[ 1.      16.44907]
[ 1.      16.44907]
[ 1.      16.44907]
[ 1.      16.44907]
[ 1.       16.669441]
[ 1.       16.669441]
[ 1.       16.669441]
[ 1.       16.669441]
[ 1.       16.669441]
[ 1.       16.669441]
[ 1.       16.669441]
[ 1.       16.669441]
[ 1.       16.669441]
[ 1.       16.669441]
[ 1.       16.669441]
[ 1.       16.669441]
[ 1.       16.669441]
[ 1.       16.669441]
[ 1.       16.669441]
[ 1.       16.669441]
[ 1.       16.669441]
[ 1.       16.669441]
[ 1.       16.669441]
[ 1.       16.669441]
[ 1.       16.669441]
[ 1.       16.669441]
[ 1.       16.669441]
[ 1.       16.669441]
[ 1.       16.669441]
[ 1.       16.669441]
[ 1.       16.669441]
[ 1.       16.669441]
[ 1.       16.669441]
[ 1.       16.669441]
[ 1.       16.669441]
[ 1.       16.669441]
[ 1.       16.669441]
[ 1.       16.669441]
[ 1.       16.669441]
[ 1.       16.669441]
[ 1.       16.669441]
[ 1.       16.669441]
[ 1.       16.669441]
[ 1.       16.669441]
[ 1.       16.669441]
[ 1.       16.742899]
[ 1.       16.742899]
[ 1.       16.742899]
[ 1.       16.742899]
[ 1.       16.742899]
[ 1.       16.742899]
[ 1.       16.742899]
[ 1.       16.742899]
[ 1.       16.742899]
[ 1.       16.742899]
[ 1.       16.742899]
[ 1.       16.742899]
[ 1.       16.742899]
[ 1.       16.742899]
[ 1.       16.742899]
[ 1.       16.742899]
[ 1.       16.742899]
[ 1.       16.742899]
[ 1.       16.742899]
[ 1.       16.742899]
[ 1.       16.742899]
[ 1.       16.742899]
[ 1.       16.742899]
[ 1.       16.742899]
[ 1.       16.742899]
[ 1.       16.742899]
[ 1.       16.742899]
[ 1.       16.742899]
[ 1.       16.742899]
[ 1.       16.742899]
[ 1.       16.742899]
[ 1.       16.742899]
[ 1.       16.742899]
[ 1.       16.742899]
[ 1.       16.742899]
[ 1.       16.742899]
[ 1.       16.742899]
[ 1.       16.742899]
[ 1.       16.742899]
[ 1.       16.742899]
[ 1.       16.742899]
[ 1.       16.742899]
[ 1.       16.742899]
[ 1.       16.742899]
[ 1.       16.742899]
[ 1.       16.742899]
[ 1.       16.742899]
[ 1.       16.742899]
[ 1.       16.742899]
[ 1.       16.742899]
[ 1.       16.742899]
[ 1.       16.742899]
[ 1.       16.742899]
[ 1.       16.742899]
[ 1.       16.742899]
[ 1.       16.742899]
[ 1.       16.742899]
[ 1.       16.742899]
[ 1.       16.742899]
[ 1.       16.742899]
[ 1.       16.816355]
[ 1.       16.816355]
[ 1.       16.816355]
[ 1.       16.816355]
[ 1.       16.816355]
[ 1.       16.816355]
[ 1.       16.816355]
[ 1.       16.816355]
[ 1.       16.816355]
[ 1.       16.816355]
[ 1.       16.816355]
[ 1.       16.816355]
[ 1.       16.816355]
[ 1.       16.816355]
[ 1.       16.816355]
[ 1.       16.816355]
[ 1.       16.816355]
[ 1.       16.816355]
[ 1.       16.816355]
[ 1.       16.816355]
[ 1.       16.816355]
[ 1.       16.816355]
[ 1.       16.816355]
[ 1.       16.816355]
[ 1.       16.816355]
[ 1.       16.816355]
[ 1.       16.816355]
[ 1.       16.816355]
[ 1.       16.816355]
[ 1.       16.816355]
[ 1.       16.816355]
[ 1.       16.816355]
[ 1.       16.816355]
[ 1.       16.816355]
[ 1.       16.816355]
[ 1.       16.816355]
[ 1.       16.816355]
[ 1.       16.816355]
[ 1.       16.816355]
[ 1.       16.816355]
[ 1.       16.816355]
[ 1.       16.816355]
[ 1.       16.816355]
[ 1.       16.816355]
[ 1.       16.816355]
[ 1.       16.816355]
[ 1.       16.816355]
[ 1.       16.816355]
[ 1.       16.816355]
[ 1.       16.816355]
[ 1.       16.816355]
[ 1.       16.816355]
[ 1.       16.816355]
[ 1.       16.816355]
[ 1.       16.816355]
[ 1.       16.816355]
[ 1.       16.816355]
[ 1.       16.816355]
[ 1.       16.816355]
[ 1.       16.816355]
[ 1.       16.816355]
[ 1.       16.816355]
[ 1.       16.816355]
[ 1.       16.816355]
[ 1.       16.816355]
[ 1.       16.816355]
[ 1.       16.816355]
[ 1.       16.963268]
[ 1.       16.963268]
[ 1.       16.963268]
[ 1.       16.963268]
[ 1.       16.963268]
[ 1.       16.963268]
[ 1.       16.963268]
[ 1.       16.963268]
[ 1.       16.963268]
[ 1.       16.963268]
[ 1.       16.963268]
[ 1.       16.963268]
[ 1.       16.963268]
[ 1.       16.963268]
[ 1.       16.963268]
[ 1.       16.963268]
[ 1.       16.963268]
[ 1.       16.963268]
[ 1.       16.963268]
[ 1.       16.963268]
[ 1.       16.963268]
[ 1.       16.963268]
[ 1.       16.963268]
[ 1.       16.963268]
[ 1.       16.963268]
[ 1.       16.963268]
[ 1.       16.963268]
[ 1.       16.963268]
[ 1.       16.963268]
[ 1.       16.963268]
[ 1.       16.963268]
[ 1.       16.963268]
[ 1.       16.963268]
[ 1.       16.963268]
[ 1.       16.963268]
[ 1.       16.963268]
[ 1.       16.963268]
[ 1.       16.963268]
[ 1.       16.963268]
[ 1.       16.963268]
[ 1.       16.963268]
[ 1.       16.963268]
[ 1.       17.110182]
[ 1.       17.110182]
[ 1.       17.110182]
[ 1.       17.110182]
[ 1.       17.110182]
[ 1.       17.110182]
[ 1.       17.110182]
[ 1.       17.110182]
[ 1.       17.110182]
[ 1.       17.110182]
[ 1.       17.110182]
[ 1.       17.110182]
[ 1.       17.110182]
[ 1.       17.110182]
[ 1.       17.110182]
[ 1.       17.110182]
[ 1.       17.110182]
[ 1.       17.110182]
[ 1.       17.110182]
[ 1.       17.110182]
[ 1.       17.110182]
[ 1.       17.110182]
[ 1.       17.110182]
[ 1.       17.110182]
[ 1.       17.110182]
[ 1.       17.110182]
[ 1.       17.110182]
[ 1.       17.110182]
[ 1.       17.110182]
[ 1.       17.110182]
[ 1.       17.110182]
[ 1.       17.110182]
[ 1.       17.110182]
[ 1.       17.110182]
[ 1.       17.110182]
[ 1.       17.110182]
[ 1.       17.110182]
[ 1.       17.110182]
[ 1.       17.110182]
[ 1.       17.110182]
[ 1.       17.110182]
[ 1.       17.110182]
[ 1.       17.110182]
[ 1.       17.110182]
[ 1.       17.110182]
[ 1.      17.18364]
[ 1.      17.18364]
[ 1.      17.18364]
[ 1.      17.18364]
[ 1.      17.18364]
[ 1.      17.18364]
[ 1.      17.18364]
[ 1.      17.18364]
[ 1.      17.18364]
[ 1.      17.18364]
[ 1.      17.18364]
[ 1.      17.18364]
[ 1.      17.18364]
[ 1.      17.18364]
[ 1.      17.18364]
[ 1.      17.18364]
[ 1.      17.18364]
[ 1.      17.18364]
[ 1.      17.18364]
[ 1.      17.18364]
[ 1.      17.18364]
[ 1.      17.18364]
[ 1.      17.18364]
[ 1.      17.18364]
[ 1.      17.18364]
[ 1.      17.18364]
[ 1.      17.18364]
[ 1.      17.18364]
[ 1.      17.18364]
[ 1.      17.18364]
[ 1.      17.18364]
[ 1.      17.18364]
[ 1.      17.18364]
[ 1.      17.18364]
[ 1.      17.18364]
[ 1.      17.18364]
[ 1.      17.18364]
[ 1.      17.18364]
[ 1.      17.18364]
[ 1.      17.18364]
[ 1.      17.18364]
[ 1.      17.18364]
[ 1.      17.18364]
[ 1.      17.18364]
[ 1.       17.404009]
[ 1.       17.404009]
[ 1.       17.404009]
[ 1.       17.404009]
[ 1.       17.404009]
[ 1.       17.404009]
[ 1.       17.404009]
[ 1.       17.404009]
[ 1.       17.404009]
[ 1.       17.404009]
[ 1.       17.404009]
[ 1.       17.404009]
[ 1.       17.404009]
[ 1.       17.404009]
[ 1.       17.404009]
[ 1.       17.404009]
[ 1.       17.404009]
[ 1.       17.404009]
[ 1.       17.404009]
[ 1.       17.404009]
[ 1.       17.404009]
[ 1.       17.404009]
[ 1.       17.404009]
[ 1.       17.404009]
[ 1.       17.404009]
[ 1.       17.404009]
[ 1.       17.404009]
[ 1.       17.404009]
[ 1.       17.404009]
[ 1.       17.404009]
[ 1.       17.404009]
[ 1.       17.404009]
[ 1.       17.404009]
[ 1.       17.404009]
[ 1.       17.404009]
[ 1.       17.404009]
[ 1.       17.404009]
[ 1.       17.404009]
[ 1.       17.404009]
[ 1.       17.404009]
[ 1.       17.477467]
[ 1.       17.477467]
[ 1.       17.477467]
[ 1.       17.477467]
[ 1.       17.477467]
[ 1.       17.477467]
[ 1.       17.477467]
[ 1.       17.477467]
[ 1.       17.477467]
[ 1.       17.477467]
[ 1.       17.477467]
[ 1.       17.477467]
[ 1.       17.477467]
[ 1.       17.477467]
[ 1.       17.477467]
[ 1.       17.477467]
[ 1.       17.477467]
[ 1.       17.477467]
[ 1.       17.477467]
[ 1.       17.477467]
[ 1.       17.477467]
[ 1.       17.477467]
[ 1.       17.477467]
[ 1.       17.477467]
[ 1.       17.477467]
[ 1.       17.477467]
[ 1.       17.477467]
[ 1.       17.477467]
[ 1.       17.477467]
[ 1.       17.477467]
[ 1.       17.477467]
[ 1.       17.477467]
[ 1.       17.477467]
[ 1.       17.477467]
[ 1.       17.477467]
[ 1.       17.477467]
[ 1.       17.477467]
[ 1.       17.477467]
[ 1.       17.477467]
[ 1.       17.477467]
[ 1.       17.477467]
[ 1.       17.477467]
[ 1.       17.477467]
[ 1.       17.477467]
[ 1.       17.477467]
[ 1.       17.477467]
[ 1.       17.477467]
[ 1.       17.477467]
[ 1.       17.477467]
[ 1.       17.477467]
[ 1.       17.550922]
[ 1.       17.550922]
[ 1.       17.550922]
[ 1.       17.550922]
[ 1.       17.550922]
[ 1.       17.550922]
[ 1.       17.550922]
[ 1.       17.550922]
[ 1.       17.550922]
[ 1.       17.550922]
[ 1.       17.550922]
[ 1.       17.550922]
[ 1.       17.550922]
[ 1.       17.550922]
[ 1.       17.550922]
[ 1.       17.550922]
[ 1.       17.550922]
[ 1.       17.550922]
[ 1.       17.550922]
[ 1.       17.550922]
[ 1.       17.550922]
[ 1.       17.550922]
[ 1.       17.550922]
[ 1.       17.550922]
[ 1.       17.550922]
[ 1.       17.550922]
[ 1.       17.550922]
[ 1.       17.550922]
[ 1.       17.550922]
[ 1.       17.550922]
[ 1.       17.550922]
[ 1.       17.550922]
[ 1.       17.550922]
[ 1.       17.550922]
[ 1.       17.550922]
[ 1.       17.550922]
[ 1.       17.550922]
[ 1.       17.550922]
[ 1.       17.550922]
[ 1.       17.550922]
[ 1.       17.550922]
[ 1.       17.550922]
[ 1.       17.550922]
[ 1.       17.550922]
[ 1.       17.550922]
[ 1.       17.550922]
[ 1.       17.550922]
[ 1.       17.550922]
[ 1.       17.550922]
[ 1.       17.550922]
[ 1.       17.550922]
[ 1.       17.550922]
[ 1.       17.697836]
[ 1.       17.697836]
[ 1.       17.697836]
[ 1.       17.697836]
[ 1.       17.697836]
[ 1.       17.697836]
[ 1.       17.697836]
[ 1.       17.697836]
[ 1.       17.697836]
[ 1.       17.697836]
[ 1.       17.697836]
[ 1.       17.697836]
[ 1.       17.697836]
[ 1.       17.697836]
[ 1.       17.697836]
[ 1.       17.697836]
[ 1.       17.697836]
[ 1.       17.697836]
[ 1.       17.697836]
[ 1.       17.697836]
[ 1.       17.697836]
[ 1.       17.697836]
[ 1.       17.697836]
[ 1.       17.697836]
[ 1.       17.697836]
[ 1.       17.697836]
[ 1.       17.697836]
[ 1.       17.697836]
[ 1.       17.697836]
[ 1.       17.697836]
[ 1.       17.697836]
[ 1.       17.697836]
[ 1.       17.697836]
[ 1.       17.697836]
[ 1.       17.697836]
[ 1.       17.697836]
[ 1.       17.697836]
[ 1.       17.697836]
[ 1.       17.697836]
[ 1.       17.697836]
[ 1.       17.697836]
[ 1.       17.697836]
[ 1.       17.697836]
[ 1.       17.697836]
[ 1.       17.697836]
[ 1.       17.697836]
[ 1.       17.697836]
[ 1.       17.697836]
[ 1.       17.697836]
[ 1.       17.697836]
[ 1.       17.697836]
[ 1.       17.918207]
[ 1.       17.918207]
[ 1.       17.918207]
[ 1.       17.918207]
[ 1.       17.918207]
[ 1.       17.918207]
[ 1.       17.918207]
[ 1.       17.918207]
[ 1.       17.918207]
[ 1.       17.918207]
[ 1.       17.918207]
[ 1.       17.918207]
[ 1.       17.918207]
[ 1.       17.918207]
[ 1.       17.918207]
[ 1.       17.918207]
[ 1.       17.918207]
[ 1.       17.918207]
[ 1.       17.918207]
[ 1.       17.918207]
[ 1.       17.918207]
[ 1.       17.918207]
[ 1.       17.918207]
[ 1.       17.918207]
[ 1.       17.918207]
[ 1.       17.918207]
[ 1.       17.918207]
[ 1.       17.918207]
[ 1.       17.918207]
[ 1.       17.918207]
[ 1.       17.918207]
[ 1.       17.918207]
[ 1.       17.918207]
[ 1.       17.918207]
[ 1.       17.918207]
[ 1.       17.918207]
[ 1.       17.918207]
[ 1.       17.918207]
[ 1.       17.991665]
[ 1.       17.991665]
[ 1.       17.991665]
[ 1.       17.991665]
[ 1.       17.991665]
[ 1.       17.991665]
[ 1.       17.991665]
[ 1.       17.991665]
[ 1.       17.991665]
[ 1.       17.991665]
[ 1.       17.991665]
[ 1.       17.991665]
[ 1.       17.991665]
[ 1.       17.991665]
[ 1.       17.991665]
[ 1.       17.991665]
[ 1.       17.991665]
[ 1.       17.991665]
[ 1.       17.991665]
[ 1.       17.991665]
[ 1.       17.991665]
[ 1.       17.991665]
[ 1.       17.991665]
[ 1.       17.991665]
[ 1.       17.991665]
[ 1.       17.991665]
[ 1.       17.991665]
[ 1.       17.991665]
[ 1.       17.991665]
[ 1.       17.991665]
[ 1.       17.991665]
[ 1.       17.991665]
[ 1.       17.991665]
[ 1.       17.991665]
[ 1.       17.991665]
[ 1.       17.991665]
[ 1.       17.991665]
[ 1.       17.991665]
[ 1.       17.991665]
[ 1.      18.06512]
[ 1.      18.06512]
[ 1.      18.06512]
[ 1.      18.06512]
[ 1.      18.06512]
[ 1.      18.06512]
[ 1.      18.06512]
[ 1.      18.06512]
[ 1.      18.06512]
[ 1.      18.06512]
[ 1.      18.06512]
[ 1.      18.06512]
[ 1.      18.06512]
[ 1.      18.06512]
[ 1.      18.06512]
[ 1.      18.06512]
[ 1.      18.06512]
[ 1.      18.06512]
[ 1.      18.06512]
[ 1.      18.06512]
[ 1.      18.06512]
[ 1.      18.06512]
[ 1.      18.06512]
[ 1.      18.06512]
[ 1.      18.06512]
[ 1.      18.06512]
[ 1.      18.06512]
[ 1.      18.06512]
[ 1.      18.06512]
[ 1.      18.06512]
[ 1.      18.06512]
[ 1.      18.06512]
[ 1.      18.06512]
[ 1.      18.06512]
[ 1.      18.06512]
[ 1.      18.06512]
[ 1.      18.06512]
[ 1.      18.06512]
[ 1.      18.06512]
[ 1.      18.06512]
[ 1.      18.06512]
[ 1.      18.06512]
[ 1.      18.06512]
[ 1.      18.06512]
[ 1.      18.06512]
[ 1.      18.06512]
[ 1.      18.06512]
[ 1.      18.06512]
[ 1.      18.06512]
[ 1.      18.06512]
[ 1.      18.06512]
[ 1.      18.06512]
[ 1.      18.06512]
[ 1.      18.06512]
[ 1.       18.138578]
[ 1.       18.138578]
[ 1.       18.138578]
[ 1.       18.138578]
[ 1.       18.138578]
[ 1.       18.138578]
[ 1.       18.138578]
[ 1.       18.138578]
[ 1.       18.138578]
[ 1.       18.138578]
[ 1.       18.138578]
[ 1.       18.138578]
[ 1.       18.138578]
[ 1.       18.138578]
[ 1.       18.138578]
[ 1.       18.138578]
[ 1.       18.138578]
[ 1.       18.138578]
[ 1.       18.138578]
[ 1.       18.138578]
[ 1.       18.138578]
[ 1.       18.138578]
[ 1.       18.138578]
[ 1.       18.138578]
[ 1.       18.138578]
[ 1.       18.138578]
[ 1.       18.138578]
[ 1.       18.138578]
[ 1.       18.138578]
[ 1.       18.138578]
[ 1.       18.138578]
[ 1.       18.138578]
[ 1.       18.138578]
[ 1.       18.138578]
[ 1.       18.138578]
[ 1.       18.138578]
[ 1.       18.138578]
[ 1.       18.138578]
[ 1.       18.138578]
[ 1.       18.138578]
[ 1.       18.138578]
[ 1.       18.138578]
[ 1.       18.138578]
[ 1.       18.138578]
[ 1.       18.138578]
[ 1.       18.138578]
[ 1.       18.138578]
[ 1.       18.138578]
[ 1.       18.138578]
[ 1.       18.138578]
[ 1.       18.138578]
[ 1.       18.138578]
[ 1.       18.138578]
[ 1.       18.138578]
[ 1.       18.138578]
[ 1.       18.138578]
[ 1.       18.138578]
[ 1.       18.138578]
[ 1.       18.138578]
[ 1.       18.138578]
[ 1.       18.138578]
[ 1.       18.138578]
[ 1.       18.138578]
[ 1.       18.138578]
[ 1.       18.138578]
[ 1.       18.212034]
[ 1.       18.212034]
[ 1.       18.212034]
[ 1.       18.212034]
[ 1.       18.212034]
[ 1.       18.212034]
[ 1.       18.212034]
[ 1.       18.212034]
[ 1.       18.212034]
[ 1.       18.212034]
[ 1.       18.212034]
[ 1.       18.212034]
[ 1.       18.212034]
[ 1.       18.212034]
[ 1.       18.212034]
[ 1.       18.212034]
[ 1.       18.212034]
[ 1.       18.212034]
[ 1.       18.212034]
[ 1.       18.212034]
[ 1.       18.212034]
[ 1.       18.212034]
[ 1.       18.212034]
[ 1.       18.212034]
[ 1.       18.212034]
[ 1.       18.212034]
[ 1.       18.212034]
[ 1.       18.212034]
[ 1.       18.212034]
[ 1.       18.212034]
[ 1.       18.212034]
[ 1.       18.212034]
[ 1.       18.212034]
[ 1.       18.212034]
[ 1.       18.212034]
[ 1.       18.212034]
[ 1.       18.212034]
[ 1.       18.212034]
[ 1.       18.212034]
[ 1.       18.212034]
[ 1.       18.212034]
[ 1.       18.212034]
[ 1.       18.212034]
[ 1.       18.212034]
[ 1.       18.212034]
[ 1.       18.212034]
[ 1.       18.212034]
[ 1.       18.212034]
[ 1.       18.212034]
[ 1.       18.212034]
[ 1.       18.212034]
[ 1.       18.212034]
[ 1.       18.212034]
[ 1.       18.212034]
[ 1.       18.212034]
[ 1.       18.212034]
[ 1.       18.212034]
[ 1.       18.212034]
[ 1.       18.212034]
[ 1.       18.285492]
[ 1.       18.285492]
[ 1.       18.285492]
[ 1.       18.285492]
[ 1.       18.285492]
[ 1.       18.285492]
[ 1.       18.285492]
[ 1.       18.285492]
[ 1.       18.285492]
[ 1.       18.285492]
[ 1.       18.285492]
[ 1.       18.285492]
[ 1.       18.285492]
[ 1.       18.285492]
[ 1.       18.285492]
[ 1.       18.285492]
[ 1.       18.285492]
[ 1.       18.285492]
[ 1.       18.285492]
[ 1.       18.285492]
[ 1.       18.285492]
[ 1.       18.285492]
[ 1.       18.285492]
[ 1.       18.285492]
[ 1.       18.285492]
[ 1.       18.285492]
[ 1.       18.285492]
[ 1.       18.285492]
[ 1.       18.285492]
[ 1.       18.285492]
[ 1.       18.285492]
[ 1.       18.285492]
[ 1.       18.285492]
[ 1.       18.285492]
[ 1.       18.285492]
[ 1.       18.285492]
[ 1.       18.285492]
[ 1.       18.285492]
[ 1.       18.285492]
[ 1.       18.285492]
[ 1.       18.285492]
[ 1.       18.358948]
[ 1.       18.432405]
[ 1.       18.432405]
[ 1.       18.432405]
[ 1.       18.432405]
[ 1.       18.432405]
[ 1.       18.432405]
[ 1.       18.432405]
[ 1.       18.432405]
[ 1.       18.432405]
[ 1.       18.432405]
[ 1.       18.432405]
[ 1.       18.432405]
[ 1.       18.432405]
[ 1.       18.432405]
[ 1.       18.432405]
[ 1.       18.432405]
[ 1.       18.432405]
[ 1.       18.432405]
[ 1.       18.432405]
[ 1.       18.432405]
[ 1.       18.432405]
[ 1.       18.432405]
[ 1.       18.432405]
[ 1.       18.432405]
[ 1.       18.432405]
[ 1.       18.432405]
[ 1.       18.432405]
[ 1.       18.432405]
[ 1.       18.432405]
[ 1.       18.432405]
[ 1.       18.432405]
[ 1.       18.432405]
[ 1.       18.432405]
[ 1.       18.432405]
[ 1.       18.432405]
[ 1.       18.432405]
[ 1.       18.432405]
[ 1.       18.432405]
[ 1.       18.432405]
[ 1.       18.432405]
[ 1.       18.432405]
[ 1.       18.432405]
[ 1.       18.432405]
[ 1.       18.432405]
[ 1.       18.432405]
[ 1.       18.432405]
[ 1.       18.432405]
[ 1.       18.432405]
